row,seed,sigma,rmse_x,rmse_y,rmse_psi,tv_u,tv_r,beta_proxy
1,100,0.1,0.163489,0.055704,2.317138,214.7207,61.1451,0.281829
2,100,0.1,0.124976,0.059988,2.125216,202.4694,59.4027,0.931175
3,100,0.1,0.142766,0.053742,2.230938,193.7618,57.0199,0.262979
4,100,0.1,0.163229,0.071589,2.256526,227.9247,53.9647,0.101257
5,100,0.1,0.122498,0.050176,2.179167,192.5583,60.2627,0.590190
6,100,0.1,0.172261,0.055272,2.395853,222.8907,56.6030,0.779334
7,100,0.1,0.183962,0.076109,2.464656,247.5508,55.9235,1.214192
8,100,0.1,0.096218,0.047869,2.118401,180.0528,52.8978,0.974250
9,100,0.1,0.148925,0.063104,2.288493,220.8100,57.9632,0.100784
10,100,0.1,0.188073,0.088267,2.303994,268.3426,54.4054,0.198754
11,100,0.1,0.112369,0.050497,2.151437,175.3148,56.7662,0.765449
12,100,0.1,0.116227,0.048208,2.158373,175.4926,52.9468,0.721612
13,100,0.1,0.141386,0.051306,2.296435,185.6465,56.8423,0.150979
14,100,0.1,0.194678,0.127195,2.564277,265.5191,55.0151,1.843826
15,100,0.1,0.176641,0.064703,2.348389,234.5218,57.9411,0.479346
16,100,0.1,0.136028,0.050585,2.256498,190.3808,55.7157,0.101435
17,100,0.1,0.187229,0.062612,2.350607,225.6604,56.6386,0.493361
18,100,0.1,0.124854,0.047813,2.114229,187.8380,59.8347,1.000614
19,100,0.1,0.150617,0.050948,2.313279,193.8229,58.8545,0.257439
20,100,0.1,0.180001,0.091219,2.457830,260.0206,57.7656,1.171048
21,100,0.1,0.193525,0.092167,2.394751,264.8670,57.3513,0.772365
22,100,0.1,0.139332,0.053810,2.204846,201.3083,59.8390,0.427887
23,100,0.1,0.116316,0.045736,2.135990,178.1169,61.8958,0.863083
24,100,0.1,0.146673,0.052194,2.202249,194.3359,60.1466,0.444300
25,100,0.1,0.100186,0.050689,2.149860,180.3764,57.0451,0.775417
26,100,0.1,0.128232,0.050284,2.175666,193.6766,55.9073,0.612313
27,100,0.1,0.162829,0.064867,2.404227,229.9297,60.7373,0.832257
28,100,0.1,0.097051,0.050225,2.155780,177.2790,55.1886,0.738004
29,100,0.1,0.161244,0.057611,2.430882,195.7358,61.8003,1.000724
30,100,0.1,0.157548,0.058268,2.356844,208.9298,55.3939,0.532783
31,100,0.1,0.111755,0.049353,2.077852,182.6189,55.4694,1.230532
32,100,0.1,0.140592,0.055219,2.236153,199.1990,59.2240,0.230022
33,100,0.1,0.112933,0.045012,2.050831,164.5852,57.5017,1.401309
34,100,0.1,0.150341,0.065770,2.226200,206.5429,58.1400,0.292924
35,100,0.1,0.190154,0.108184,2.398781,274.9141,59.2832,0.797837
36,100,0.1,0.104661,0.049616,2.040360,183.2003,53.1006,1.467489
37,100,0.1,0.181183,0.073798,2.485420,216.5120,57.8830,1.345420
38,100,0.1,0.153214,0.062607,2.288536,202.1083,56.0116,0.101056
39,100,0.1,0.180521,0.092222,2.331690,272.0713,55.4011,0.373805
40,100,0.1,0.159900,0.062031,2.312046,228.8532,58.5036,0.249649
41,100,0.1,0.155790,0.058999,2.304182,209.7029,55.9226,0.199942
42,100,0.1,0.079139,0.041942,2.229668,147.7316,54.4867,0.271003
43,100,0.1,0.143665,0.051089,2.271153,198.9659,57.3141,0.008808
44,100,0.1,0.153346,0.061734,2.284589,205.3577,54.8149,0.076112
45,100,0.1,0.184860,0.081885,2.316860,246.4134,55.2807,0.280076
46,100,0.1,0.138478,0.052868,2.251354,191.9226,64.1276,0.133947
47,100,0.1,0.139536,0.056618,2.171148,196.1946,58.8761,0.640870
48,100,0.1,0.174896,0.059024,2.332297,212.4410,59.9463,0.377638
49,100,0.1,0.161365,0.078723,2.363319,209.2240,54.9914,0.573711
50,100,0.1,0.168810,0.101888,2.268491,268.1431,51.8372,0.025636
51,100,0.1,0.137754,0.056033,2.215940,194.5740,56.5009,0.357770
52,100,0.1,0.144307,0.060104,2.272147,209.5772,61.3657,0.002529
53,100,0.1,0.114972,0.053451,2.135114,178.0613,57.6835,0.868618
54,100,0.1,0.125599,0.052023,2.101992,190.9239,58.7650,1.077955
55,100,0.1,0.103806,0.046115,2.123939,164.8741,56.0562,0.939244
56,100,0.1,0.122872,0.047695,2.162847,186.0589,54.0496,0.693337
57,100,0.1,0.104601,0.044364,2.097292,168.0859,53.2944,1.107661
58,100,0.1,0.129448,0.064393,2.221034,197.1594,59.3306,0.325578
59,100,0.1,0.137319,0.051389,2.250971,192.6873,56.1961,0.136363
60,100,0.1,0.136839,0.065176,2.262477,210.5262,57.9397,0.063642
61,100,0.1,0.154377,0.064140,2.387947,238.8762,58.1951,0.729366
62,100,0.1,0.129618,0.052171,2.087506,194.1480,59.5009,1.169513
63,100,0.1,0.172915,0.094660,2.365009,268.8092,55.9803,0.584389
64,100,0.1,0.189516,0.084521,2.379502,254.7929,56.4630,0.675989
65,100,0.1,0.146188,0.073582,2.263127,211.2603,59.9702,0.059533
66,100,0.1,0.142659,0.056076,2.287419,196.8709,59.2862,0.093998
67,100,0.1,0.135109,0.050046,2.198053,189.4535,60.6880,0.470822
68,100,0.1,0.112162,0.047062,2.096094,181.1710,51.3683,1.115235
69,100,0.1,0.116972,0.051115,2.159968,178.4516,58.8395,0.711532
70,100,0.1,0.113391,0.046706,2.126868,165.1803,56.7790,0.920730
71,100,0.1,0.116778,0.050532,2.049409,184.4807,56.2568,1.410298
72,100,0.1,0.153289,0.068407,2.356499,216.9839,56.9822,0.530601
73,100,0.1,0.214216,0.113966,2.411103,280.5257,56.1375,0.875718
74,100,0.1,0.166409,0.060250,2.334707,220.3681,59.0954,0.392874
75,100,0.1,0.185165,0.065134,2.441809,235.5000,60.6998,1.069788
76,100,0.1,0.132168,0.053443,2.187106,191.8250,58.2359,0.540013
77,100,0.1,0.085757,0.044906,2.073495,142.5258,56.1573,1.258069
78,100,0.1,0.145979,0.056359,2.277339,192.6350,55.6193,0.030291
79,100,0.1,0.139502,0.063604,2.312537,196.6533,56.7726,0.252754
80,100,0.1,0.114909,0.046693,2.082840,173.5925,56.2234,1.199003
81,100,0.1,0.154391,0.056698,2.363756,206.0080,61.7458,0.576468
82,100,0.1,0.180204,0.089388,2.506505,250.5758,54.9165,1.478690
83,100,0.1,0.138489,0.060187,2.225453,205.1256,59.0139,0.297649
84,100,0.1,0.119035,0.052720,2.131011,183.1469,58.2408,0.894550
85,100,0.1,0.178027,0.060899,2.379377,216.0231,60.5434,0.675203
86,100,0.1,0.167004,0.060276,2.347025,222.8506,58.9894,0.470726
87,100,0.1,0.129547,0.051448,2.228827,193.7209,59.1124,0.276322
88,100,0.1,0.162020,0.056937,2.314672,209.1149,56.4155,0.266246
89,100,0.1,0.157435,0.060524,2.299729,220.2701,55.2240,0.171801
90,100,0.1,0.115012,0.046472,2.147709,181.5763,54.0372,0.789014
91,100,0.1,0.121595,0.046318,2.104953,182.4061,56.8192,1.059243
92,100,0.1,0.125640,0.057086,2.058011,186.4936,61.3782,1.355932
93,100,0.1,0.123240,0.062236,2.292794,205.6678,57.1681,0.127968
94,100,0.1,0.157103,0.057273,2.378946,214.8049,57.7675,0.672475
95,100,0.1,0.125309,0.055145,2.135615,196.4791,53.5016,0.865450
96,100,0.1,0.162805,0.059730,2.316025,219.1970,58.8002,0.274797
97,100,0.1,0.102065,0.047411,2.081995,166.6540,55.9785,1.204345
98,100,0.1,0.148320,0.064639,2.239132,208.6225,60.3010,0.211189
99,100,0.1,0.178613,0.066765,2.301169,246.2015,57.0470,0.180900
100,100,0.1,0.189636,0.076100,2.333365,244.4164,56.4561,0.384391
101,100,0.2,0.149516,0.062534,2.301120,192.7492,59.6093,0.180595
102,100,0.2,0.100125,0.046332,2.157671,160.2342,54.4306,0.726050
103,100,0.2,0.160404,0.066283,2.319494,218.0144,55.4764,0.296718
104,100,0.2,0.201729,0.114429,2.496969,268.9184,56.7711,1.418416
105,100,0.2,0.160319,0.056723,2.286425,191.4034,54.7616,0.087716
106,100,0.2,0.205440,0.189613,2.588090,268.5715,57.7244,1.994325
107,100,0.2,0.242347,0.117090,2.511636,272.5183,62.8668,1.511117
108,100,0.2,0.087186,0.043733,2.140433,150.2374,53.9920,0.834996
109,100,0.2,0.058932,0.047109,2.274709,120.8546,55.2399,0.013665
110,100,0.2,0.116014,0.052640,2.194809,174.4525,56.1850,0.491324
111,100,0.2,0.194572,0.157645,2.356965,271.6108,55.4748,0.533547
112,100,0.2,0.178812,0.117794,2.463176,266.3373,57.4108,1.204834
113,100,0.2,0.137041,0.049921,2.229292,186.2688,58.0617,0.273380
114,100,0.2,0.127051,0.058483,2.241580,191.8158,56.5573,0.195722
115,100,0.2,0.155232,0.062358,2.287807,215.5203,60.2943,0.096448
116,100,0.2,0.071821,0.043144,2.139078,125.4113,53.7213,0.843565
117,100,0.2,0.152085,0.056003,2.385775,207.8525,57.4804,0.715638
118,100,0.2,0.177763,0.084673,2.340505,255.1185,56.5408,0.429515
119,100,0.2,0.141926,0.056618,2.283590,192.9890,58.3373,0.069794
120,100,0.2,0.188917,0.077547,2.411072,249.6266,57.8217,0.875524
121,100,0.2,0.146282,0.061050,2.273246,203.5337,58.0450,0.004418
122,100,0.2,0.061132,0.043415,2.309568,116.5884,54.9057,0.233986
123,100,0.2,0.145733,0.057352,2.216736,202.2309,59.1100,0.352738
124,100,0.2,0.127057,0.050726,2.137261,176.8317,57.8436,0.855045
125,100,0.2,0.104945,0.050608,2.161036,183.6391,56.0584,0.704780
126,100,0.2,0.151350,0.056452,2.259633,197.4842,58.6245,0.081622
127,100,0.2,0.139131,0.054438,2.114109,197.9339,58.5976,1.001376
128,100,0.2,0.087979,0.043727,2.072825,151.1395,53.5816,1.262301
129,100,0.2,0.106440,0.045916,2.048261,165.8361,54.4382,1.417552
130,100,0.2,0.214293,0.127016,2.386775,272.3110,59.2864,0.721957
131,100,0.2,0.073139,0.044831,2.221418,128.8656,52.3283,0.323146
132,100,0.2,0.089030,0.042460,2.159356,150.6562,59.0373,0.715397
133,100,0.2,0.091472,0.045586,2.090859,159.8739,58.2756,1.148323
134,100,0.2,0.156364,0.064055,2.330305,200.6335,59.1653,0.365048
135,100,0.2,0.208339,0.168192,2.456924,276.7215,60.3026,1.165317
136,100,0.2,0.198457,0.189655,2.578931,270.0810,56.8156,1.936443
137,100,0.2,0.216244,0.123945,2.404060,273.2907,54.4556,0.831201
138,100,0.2,0.055478,0.048062,2.419001,98.6488,58.9934,0.925637
139,100,0.2,0.176238,0.113407,2.350058,262.8751,56.4842,0.489893
140,100,0.2,0.152284,0.055350,2.392387,207.4850,58.8015,0.757424
141,100,0.2,0.090298,0.043646,2.184567,138.7752,51.2067,0.556060
142,100,0.2,0.246140,0.133430,2.385927,267.8830,61.3926,0.716597
143,100,0.2,0.116236,0.050216,2.109953,181.3689,57.4633,1.027643
144,100,0.2,0.130474,0.048951,2.168211,190.7679,56.8700,0.659435
145,100,0.2,0.129086,0.051419,2.095712,193.8524,55.8130,1.117650
146,100,0.2,0.120379,0.051335,2.114823,182.4285,59.1497,0.996861
147,100,0.2,0.126740,0.050463,2.183319,189.0279,56.0120,0.563943
148,100,0.2,0.182466,0.064658,2.453570,224.7270,56.0260,1.144121
149,100,0.2,0.160978,0.084542,2.229311,248.5407,52.7791,0.273262
150,100,0.2,0.140755,0.060187,2.334658,199.0394,57.0776,0.392563
151,100,0.2,0.086518,0.044358,2.157795,149.1031,51.2386,0.725266
152,100,0.2,0.158204,0.060044,2.329355,221.7749,59.4647,0.359046
153,100,0.2,0.111189,0.052097,2.203524,153.9527,57.9546,0.436246
154,100,0.2,0.108653,0.048760,2.083987,177.8018,53.0680,1.191752
155,100,0.2,0.097444,0.048602,2.140008,173.5685,55.9860,0.837687
156,100,0.2,0.083976,0.040406,2.134129,145.1444,55.0421,0.874840
157,100,0.2,0.138056,0.060460,2.233465,212.6783,55.6724,0.247009
158,100,0.2,0.133206,0.057139,2.247347,194.3398,55.4538,0.159268
159,100,0.2,0.185354,0.108504,2.489929,268.3421,54.5601,1.373920
160,100,0.2,0.199584,0.132202,2.603941,281.4668,57.4118,2.094510
161,100,0.2,0.186238,0.106835,2.381770,260.5115,56.7263,0.690326
162,100,0.2,0.117624,0.045994,2.120326,179.8491,59.3196,0.962079
163,100,0.2,0.112920,0.054189,2.091244,181.1062,55.5410,1.145890
164,100,0.2,0.183667,0.059078,2.336962,230.5676,57.3935,0.407127
165,100,0.2,0.184691,0.126441,2.364272,276.3008,56.3682,0.579730
166,100,0.2,0.086072,0.043532,2.087966,129.0709,49.5666,1.166607
167,100,0.2,0.085270,0.041838,2.182772,128.6897,51.2103,0.567404
168,100,0.2,0.143218,0.055699,2.232872,197.4544,53.9198,0.250759
169,100,0.2,0.065596,0.044526,2.286427,129.4134,57.8015,0.087730
170,100,0.2,0.218433,0.127004,2.478130,270.9211,55.9998,1.299350
171,100,0.2,0.185717,0.088304,2.266817,271.3469,53.9327,0.036216
172,100,0.2,0.156497,0.059302,2.289065,218.4070,59.6611,0.104401
173,100,0.2,0.095276,0.045533,2.178358,157.2957,52.7746,0.595302
174,100,0.2,0.093865,0.043407,2.114645,144.7270,52.2654,0.997984
175,100,0.2,0.174463,0.122563,2.561059,270.6501,57.4417,1.823483
176,100,0.2,0.188042,0.082976,2.410250,257.5843,53.7711,0.870328
177,100,0.2,0.182153,0.115942,2.442585,261.2824,56.9867,1.074690
178,100,0.2,0.132982,0.052657,2.132372,187.3221,55.2246,0.885947
179,100,0.2,0.120755,0.045068,2.213015,174.7689,53.5319,0.376260
180,100,0.2,0.104890,0.048558,2.093633,175.7961,61.6434,1.130789
181,100,0.2,0.192862,0.178291,2.460892,277.9211,58.7416,1.190398
182,100,0.2,0.148108,0.052943,2.219235,203.4663,57.7112,0.336946
183,100,0.2,0.163284,0.068662,2.386275,216.3918,57.7806,0.718800
184,100,0.2,0.179381,0.068979,2.352340,228.1200,57.8134,0.504316
185,100,0.2,0.103115,0.046562,2.185821,158.3121,56.5366,0.548131
186,100,0.2,0.095786,0.044048,2.230331,163.7763,53.1864,0.266816
187,100,0.2,0.192972,0.080811,2.571062,257.0474,60.7082,1.886708
188,100,0.2,0.197689,0.088173,2.431806,255.7491,58.3812,1.006566
189,100,0.2,0.218365,0.119532,2.410529,272.7583,58.6396,0.872091
190,100,0.2,0.142729,0.056687,2.297291,187.3349,56.4451,0.156389
191,100,0.2,0.188522,0.064518,2.403045,237.6504,55.4808,0.824787
192,100,0.2,0.181613,0.063242,2.392497,209.5382,57.9610,0.758119
193,100,0.2,0.180479,0.105190,2.331164,267.5004,54.9341,0.370476
194,100,0.2,0.063857,0.043255,2.237347,116.9775,54.9922,0.222472
195,100,0.2,0.118075,0.048790,2.132977,177.0497,56.4934,0.882124
196,100,0.2,0.123331,0.049204,2.142761,186.3902,59.2927,0.820284
197,100,0.2,0.202926,0.070351,2.448507,245.3329,60.5419,1.112124
198,100,0.2,0.150499,0.055017,2.223567,211.3342,59.6110,0.309564
199,100,0.2,0.199024,0.152946,2.362933,277.3182,57.0233,0.571270
200,100,0.2,0.194415,0.076131,2.501235,244.4197,58.4449,1.445376
201,101,0.1,0.155260,0.055368,2.244798,203.5699,62.9704,0.175380
202,101,0.1,0.161312,0.056782,2.401769,199.0380,61.8321,0.816725
203,101,0.1,0.069706,0.041189,2.206013,121.8103,53.0379,0.420516
204,101,0.1,0.157849,0.078125,2.312410,229.2045,56.9390,0.251948
205,101,0.1,0.127642,0.052743,2.109144,193.0567,53.9005,1.032755
206,101,0.1,0.166895,0.078596,2.286395,250.2679,55.7607,0.087525
207,101,0.1,0.190431,0.072257,2.339460,230.5000,59.3308,0.422909
208,101,0.1,0.107553,0.048528,2.060017,187.2537,55.9684,1.343250
209,101,0.1,0.142983,0.063684,2.238599,206.9354,56.2976,0.214561
210,101,0.1,0.131599,0.046730,2.319340,186.6852,63.9368,0.295749
211,101,0.1,0.129042,0.059170,2.189889,198.7320,54.6897,0.522420
212,101,0.1,0.178493,0.075354,2.410622,246.9313,56.0801,0.872676
213,101,0.1,0.200708,0.083215,2.323360,256.8996,58.4205,0.321154
214,101,0.1,0.115525,0.052240,2.094676,186.9436,56.3468,1.124197
215,101,0.1,0.095056,0.045018,2.136371,159.2814,53.0772,0.860672
216,101,0.1,0.172537,0.067974,2.349018,236.5220,58.0846,0.483323
217,101,0.1,0.187150,0.062384,2.392873,224.6637,55.2965,0.760500
218,101,0.1,0.106800,0.050419,2.135768,183.0887,55.2827,0.864483
219,101,0.1,0.171348,0.055915,2.322902,215.1506,62.9105,0.318263
220,101,0.1,0.142416,0.058829,2.265411,193.8968,59.6039,0.045100
221,101,0.1,0.107994,0.047702,2.066269,180.6386,54.9561,1.303739
222,101,0.1,0.104956,0.043842,2.039267,166.2143,52.8760,1.474399
223,101,0.1,0.128538,0.055028,2.146348,189.7581,59.0577,0.797613
224,101,0.1,0.186312,0.095922,2.287528,267.2284,58.8883,0.094688
225,101,0.1,0.137854,0.064544,2.256099,211.7960,57.8462,0.103952
226,101,0.1,0.170849,0.057356,2.286407,221.7687,54.1857,0.087603
227,101,0.1,0.184992,0.063269,2.368407,231.4949,58.9347,0.605865
228,101,0.1,0.148236,0.058593,2.324533,194.7154,61.9266,0.328569
229,101,0.1,0.190784,0.103682,2.403056,272.1426,58.7605,0.824859
230,101,0.1,0.161358,0.062592,2.372369,211.2489,56.8345,0.630904
231,101,0.1,0.135087,0.057787,2.260893,187.8989,58.6399,0.073657
232,101,0.1,0.131426,0.048830,2.179529,180.6782,59.4074,0.587898
233,101,0.1,0.191496,0.095194,2.384934,259.8491,56.6295,0.710320
234,101,0.1,0.129542,0.051563,2.193102,190.9573,59.8469,0.502115
235,101,0.1,0.218752,0.086920,2.550186,263.7268,59.8518,1.754763
236,101,0.1,0.173691,0.062974,2.363943,243.4315,56.1070,0.577653
237,101,0.1,0.157223,0.055417,2.365547,212.4415,56.4658,0.587787
238,101,0.1,0.175484,0.078536,2.379557,245.6403,57.9790,0.676339
239,101,0.1,0.096900,0.044163,2.090839,163.6437,48.1789,1.148444
240,101,0.1,0.095531,0.046154,2.084054,160.7135,56.4913,1.191329
241,101,0.1,0.149330,0.078367,2.273135,244.6713,56.0927,0.003721
242,101,0.1,0.189200,0.098830,2.319139,278.3390,54.0652,0.294474
243,101,0.1,0.138348,0.053937,2.253919,195.8618,58.5319,0.117732
244,101,0.1,0.119368,0.048083,2.071133,175.8609,56.9052,1.272995
245,101,0.1,0.151907,0.061359,2.336390,190.5955,53.7232,0.403507
246,101,0.1,0.141361,0.053911,2.264098,187.4865,61.3199,0.053398
247,101,0.1,0.160123,0.064841,2.244667,222.9599,57.3679,0.176211
248,101,0.1,0.152611,0.054955,2.286596,195.3612,55.2336,0.088796
249,101,0.1,0.169117,0.060924,2.340266,213.2094,57.9282,0.428005
250,101,0.1,0.156050,0.061639,2.320284,224.6381,57.3594,0.301717
251,101,0.1,0.095250,0.044095,2.131733,162.8027,54.3117,0.889986
252,101,0.1,0.129456,0.053975,2.157623,190.1577,57.0910,0.726354
253,101,0.1,0.141995,0.065299,2.301420,204.9910,58.8057,0.182488
254,101,0.1,0.114997,0.057310,2.061250,193.1838,54.9895,1.335458
255,101,0.1,0.149209,0.057636,2.147241,201.7570,55.1759,0.791967
256,101,0.1,0.111283,0.047420,2.120371,165.5568,54.2628,0.961797
257,101,0.1,0.101186,0.046812,2.060804,169.3856,52.1068,1.338279
258,101,0.1,0.115719,0.048390,2.091679,176.5159,56.8409,1.143138
259,101,0.1,0.146392,0.054938,2.271147,199.4132,56.6720,0.008850
260,101,0.1,0.185361,0.097604,2.471363,257.7531,53.5271,1.256580
261,101,0.1,0.189300,0.097282,2.373894,261.4889,58.3830,0.640546
262,101,0.1,0.148360,0.055682,2.205607,209.4014,58.3248,0.423077
263,101,0.1,0.128657,0.062931,2.240792,198.8467,54.9257,0.200697
264,101,0.1,0.181038,0.061582,2.414074,225.9684,57.3816,0.894497
265,101,0.1,0.130043,0.051980,2.199591,196.9977,58.5046,0.461103
266,101,0.1,0.119451,0.046445,2.165631,173.7467,57.8069,0.675737
267,101,0.1,0.097309,0.043788,2.128095,161.2521,57.2080,0.912981
268,101,0.1,0.169187,0.063181,2.290686,223.3841,56.1799,0.114648
269,101,0.1,0.199583,0.094357,2.342705,260.1734,59.1469,0.443419
270,101,0.1,0.164940,0.066841,2.333657,204.7469,61.9701,0.386236
271,101,0.1,0.167166,0.064667,2.360863,212.4662,55.0980,0.558183
272,101,0.1,0.138467,0.053347,2.252649,215.3587,60.7523,0.125758
273,101,0.1,0.161934,0.059367,2.303690,203.6649,57.4595,0.196834
274,101,0.1,0.125741,0.054187,2.148977,183.6714,56.9927,0.781000
275,101,0.1,0.154560,0.067687,2.228327,212.1227,54.0396,0.279483
276,101,0.1,0.137775,0.062032,2.215952,208.8040,58.6849,0.357698
277,101,0.1,0.153592,0.072761,2.351984,233.9928,53.2956,0.502067
278,101,0.1,0.127575,0.053927,2.204892,185.2376,56.8059,0.427597
279,101,0.1,0.177419,0.067767,2.402467,238.5593,54.8038,0.821134
280,101,0.1,0.172922,0.074558,2.301434,244.0091,53.0269,0.182575
281,101,0.1,0.176140,0.061531,2.388575,223.4749,61.7883,0.733331
282,101,0.1,0.159125,0.056245,2.269092,212.7273,57.8942,0.021834
283,101,0.1,0.186189,0.093289,2.304557,261.3626,57.4244,0.202312
284,101,0.1,0.100459,0.051689,2.084577,168.3820,51.8051,1.188024
285,101,0.1,0.146949,0.055716,2.207259,192.7202,56.2429,0.412638
286,101,0.1,0.111271,0.050314,2.060589,186.9957,51.8436,1.339639
287,101,0.1,0.107786,0.051958,2.066369,183.0427,61.3542,1.303104
288,101,0.1,0.194965,0.096067,2.382060,262.7193,55.4117,0.692154
289,101,0.1,0.081530,0.041960,2.128491,141.5039,53.2046,0.910474
290,101,0.1,0.147858,0.065162,2.348791,197.9018,56.7467,0.481886
291,101,0.1,0.169471,0.060095,2.333176,224.9271,56.2857,0.383193
292,101,0.1,0.133920,0.056562,2.171643,187.0326,60.8792,0.637744
293,101,0.1,0.104838,0.045130,2.120505,170.0639,56.4513,0.960947
294,101,0.1,0.220233,0.095588,2.408346,260.3426,60.7449,0.858289
295,101,0.1,0.123075,0.058594,2.183799,198.5140,56.7759,0.560911
296,101,0.1,0.146321,0.058988,2.261638,204.8085,61.9057,0.068945
297,101,0.1,0.184739,0.073195,2.443319,247.9923,60.5937,1.079332
298,101,0.1,0.168324,0.056859,2.322797,227.4420,60.6868,0.317596
299,101,0.1,0.159963,0.065310,2.274403,220.5734,59.2879,0.011730
300,101,0.1,0.136696,0.055050,2.161640,199.6921,60.3784,0.700962
301,101,0.2,0.142310,0.049560,2.248823,202.3809,61.6614,0.149942
302,101,0.2,0.094167,0.047097,2.150565,173.4091,53.6481,0.770963
303,101,0.2,0.230601,0.138608,2.313592,268.9235,59.1785,0.259416
304,101,0.2,0.074702,0.046661,2.140931,118.2568,55.4739,0.831852
305,101,0.2,0.054986,0.046802,2.288635,105.1557,57.3750,0.101684
306,101,0.2,0.054944,0.049216,2.350967,114.0450,56.0115,0.495640
307,101,0.2,0.165793,0.104898,2.373063,272.4100,55.9302,0.635291
308,101,0.2,0.116802,0.051739,2.117961,194.9805,55.4868,0.977030
309,101,0.2,0.193108,0.079417,2.416671,256.3020,56.0953,0.910906
310,101,0.2,0.192823,0.191659,2.609216,277.2953,57.4662,2.127848
311,101,0.2,0.178882,0.104810,2.355522,269.5754,52.2258,0.524427
312,101,0.2,0.127887,0.050845,2.176466,189.1749,52.7866,0.607257
313,101,0.2,0.204168,0.196733,2.663210,271.1847,53.5366,2.469111
314,101,0.2,0.172798,0.073748,2.445979,247.8301,58.8218,1.096142
315,101,0.2,0.103466,0.048125,2.074842,174.0335,53.3302,1.249553
316,101,0.2,0.187818,0.084208,2.342898,252.8739,59.5583,0.444642
317,101,0.2,0.170270,0.101737,2.410201,269.5036,54.4629,0.870018
318,101,0.2,0.139781,0.056594,2.241762,200.5610,55.0598,0.194566
319,101,0.2,0.098082,0.044650,2.090400,150.2029,56.1078,1.151225
320,101,0.2,0.182495,0.092441,2.453108,269.4889,55.9913,1.141198
321,101,0.2,0.180475,0.114900,2.581832,268.5446,57.7116,1.954775
322,101,0.2,0.135047,0.054080,2.229987,198.5331,61.5952,0.268990
323,101,0.2,0.133980,0.054411,2.113531,187.7785,60.5963,1.005030
324,101,0.2,0.128097,0.052344,2.126698,184.6898,57.0855,0.921806
325,101,0.2,0.124230,0.056343,2.172785,206.0517,58.8380,0.630521
326,101,0.2,0.179575,0.088228,2.296334,262.0471,58.8705,0.150344
327,101,0.2,0.135509,0.049416,2.141114,184.6171,57.6450,0.830693
328,101,0.2,0.173358,0.065596,2.381667,229.7343,57.5825,0.689673
329,101,0.2,0.119325,0.049550,2.108529,166.3491,58.3938,1.036639
330,101,0.2,0.120148,0.057036,2.114189,193.1984,58.9336,1.000870
331,101,0.2,0.106197,0.047706,2.079482,173.4952,53.7419,1.220227
332,101,0.2,0.174675,0.111485,2.379994,282.9883,56.9616,0.679102
333,101,0.2,0.085599,0.045222,2.109741,138.8069,55.4514,1.028980
334,101,0.2,0.156898,0.066301,2.251840,233.4143,58.3892,0.130871
335,101,0.2,0.166386,0.057448,2.312656,227.2343,60.6103,0.253502
336,101,0.2,0.086804,0.046339,2.110337,149.9486,51.4692,1.025217
337,101,0.2,0.223373,0.124612,2.413214,275.0811,56.8525,0.889061
338,101,0.2,0.063720,0.043509,2.301968,107.9320,55.1382,0.185952
339,101,0.2,0.189422,0.071019,2.483902,240.8101,50.7729,1.335832
340,101,0.2,0.069312,0.043551,2.294862,121.7913,57.6201,0.141042
341,101,0.2,0.191631,0.079568,2.325784,256.4800,55.3570,0.336474
342,101,0.2,0.222799,0.145110,2.320491,271.7443,59.2615,0.303025
343,101,0.2,0.181898,0.063156,2.417605,234.5005,57.7156,0.916809
344,101,0.2,0.083250,0.041704,2.104011,137.9020,50.5543,1.065199
345,101,0.2,0.224721,0.154056,2.256099,261.7488,55.3835,0.103952
346,101,0.2,0.167977,0.064857,2.381412,224.4416,57.7000,0.688059
347,101,0.2,0.106378,0.043934,2.077827,167.1658,54.8539,1.230684
348,101,0.2,0.197487,0.084805,2.364986,261.9926,60.0887,0.584246
349,101,0.2,0.097484,0.046993,2.117810,160.1911,54.8777,0.977982
350,101,0.2,0.235579,0.099308,2.405191,268.3629,57.6923,0.838352
351,101,0.2,0.083265,0.043384,2.133970,139.4002,52.9319,0.875849
352,101,0.2,0.164827,0.128991,2.408910,276.4191,56.2378,0.861855
353,101,0.2,0.115325,0.049408,2.059065,169.3197,56.2088,1.349266
354,101,0.2,0.148223,0.065308,2.254973,208.8666,58.1568,0.111072
355,101,0.2,0.201918,0.170043,2.411423,277.7960,52.5203,0.877738
356,101,0.2,0.187251,0.082324,2.452488,254.5667,55.9564,1.137283
357,101,0.2,0.175240,0.074222,2.433048,246.4790,56.6686,1.014417
358,101,0.2,0.138913,0.060514,2.193468,197.2623,59.5882,0.499800
359,101,0.2,0.208845,0.153903,2.258712,275.3966,57.6993,0.087437
360,101,0.2,0.155648,0.066311,2.275276,207.3489,56.3288,0.017247
361,101,0.2,0.084814,0.045003,2.138136,150.3666,53.7466,0.849517
362,101,0.2,0.166381,0.105586,2.214415,278.0291,55.0894,0.367409
363,101,0.2,0.133323,0.061421,2.168532,194.3924,55.4985,0.657407
364,101,0.2,0.183019,0.063582,2.402471,231.4839,56.7316,0.821158
365,101,0.2,0.164042,0.054790,2.307481,227.0029,57.3562,0.220797
366,101,0.2,0.117690,0.047480,2.132431,172.1901,57.8936,0.885572
367,101,0.2,0.193738,0.079932,2.388958,263.0986,61.5338,0.735751
368,101,0.2,0.250782,0.114819,2.376803,268.7202,56.7692,0.658932
369,101,0.2,0.187035,0.106948,2.366330,271.2034,53.7601,0.592738
370,101,0.2,0.127885,0.051026,2.178834,181.1956,59.0390,0.592291
371,101,0.2,0.178350,0.066702,2.321521,230.5142,54.2067,0.309532
372,101,0.2,0.089277,0.044776,2.145247,148.5841,54.4793,0.804575
373,101,0.2,0.104748,0.049165,1.983458,172.0170,57.0362,1.827126
374,101,0.2,0.183041,0.075753,2.310189,250.9516,56.1907,0.237912
375,101,0.2,0.255033,0.117987,2.411596,270.8497,59.4705,0.878831
376,101,0.2,0.188835,0.191906,2.674709,279.6698,57.7787,2.541786
377,101,0.2,0.178030,0.088498,2.457277,265.1679,56.1268,1.167553
378,101,0.2,0.212917,0.099007,2.300622,273.3110,53.0040,0.177445
379,101,0.2,0.138443,0.053966,2.179752,201.7890,52.0177,0.586489
380,101,0.2,0.098050,0.041637,2.133310,153.7753,54.6097,0.880019
381,101,0.2,0.080955,0.043537,2.130352,136.7892,55.0406,0.898715
382,101,0.2,0.103663,0.045001,2.084563,171.0961,59.5993,1.188116
383,101,0.2,0.078021,0.041960,2.214477,147.3694,52.0006,0.367017
384,101,0.2,0.183098,0.080602,2.406122,242.7546,54.8303,0.844235
385,101,0.2,0.165322,0.081360,2.402437,234.4162,59.3776,0.820946
386,101,0.2,0.211895,0.104714,2.487011,260.1650,61.6336,1.355481
387,101,0.2,0.166522,0.056666,2.286084,215.0905,61.0126,0.085557
388,101,0.2,0.137623,0.056188,2.226128,186.2352,57.9740,0.293378
389,101,0.2,0.085103,0.044177,2.077650,149.5673,55.6079,1.231807
390,101,0.2,0.123965,0.047353,2.189066,186.5698,55.0030,0.527621
391,101,0.2,0.194434,0.083366,2.532924,266.7879,55.4410,1.645663
392,101,0.2,0.209575,0.152867,2.434257,266.0263,53.6018,1.022055
393,101,0.2,0.062923,0.044581,2.221793,119.4943,53.3414,0.320777
394,101,0.2,0.198280,0.089388,2.332955,265.8579,57.7672,0.381800
395,101,0.2,0.071701,0.041961,2.301606,132.7802,53.9603,0.183665
396,101,0.2,0.181831,0.076183,2.331093,256.5094,58.8734,0.370027
397,101,0.2,0.136096,0.051095,2.251400,177.0768,59.1244,0.133651
398,101,0.2,0.069982,0.041674,2.301016,133.5323,60.2457,0.179933
399,101,0.2,0.179343,0.066089,2.303143,244.4425,55.9039,0.193376
400,101,0.2,0.086550,0.045300,2.098134,154.3494,57.9555,1.102343
401,102,0.1,0.151919,0.061152,2.307985,196.2364,60.8051,0.223979
402,102,0.1,0.182154,0.063202,2.383726,234.7557,59.7231,0.702687
403,102,0.1,0.142245,0.052287,2.138227,194.5100,58.5826,0.848941
404,102,0.1,0.164972,0.072182,2.343957,232.7049,58.4156,0.451332
405,102,0.1,0.148591,0.057457,2.306069,184.7230,56.6669,0.211874
406,102,0.1,0.167273,0.082668,2.256307,263.9885,57.5190,0.102639
407,102,0.1,0.125202,0.050543,2.177197,185.4322,58.2082,0.602638
408,102,0.1,0.129595,0.056227,2.192297,196.3315,55.8485,0.507200
409,102,0.1,0.124960,0.047492,2.193162,180.2350,57.1943,0.501738
410,102,0.1,0.141268,0.060575,2.204225,205.4254,55.7425,0.431815
411,102,0.1,0.132352,0.062362,2.268033,204.9151,54.1771,0.028526
412,102,0.1,0.162042,0.060275,2.295328,228.1918,54.1912,0.143985
413,102,0.1,0.123552,0.052008,2.208078,181.7155,57.0576,0.407461
414,102,0.1,0.132529,0.054697,2.072063,202.3194,56.2287,1.267116
415,102,0.1,0.170899,0.067215,2.339320,213.5445,55.9154,0.422028
416,102,0.1,0.128013,0.046034,2.117168,178.6807,58.8643,0.982039
417,102,0.1,0.162611,0.055009,2.348485,210.7438,56.6102,0.479950
418,102,0.1,0.146960,0.053339,2.262146,203.0676,55.7420,0.065735
419,102,0.1,0.097540,0.045738,2.209828,153.2756,58.6028,0.396402
420,102,0.1,0.095970,0.044689,2.196336,156.8634,58.9706,0.481672
421,102,0.1,0.158743,0.061269,2.305053,229.8861,59.5298,0.205449
422,102,0.1,0.109537,0.051596,2.083699,187.4983,57.8344,1.193574
423,102,0.1,0.157997,0.062405,2.401104,219.7871,59.6042,0.812519
424,102,0.1,0.178049,0.084731,2.264375,261.0570,55.4734,0.051648
425,102,0.1,0.107793,0.047650,2.100140,180.1714,56.5432,1.089660
426,102,0.1,0.130041,0.051375,2.179445,193.6309,58.5108,0.588433
427,102,0.1,0.162292,0.056623,2.352933,206.6907,58.9288,0.508064
428,102,0.1,0.249349,0.130098,2.391022,265.5043,60.8694,0.748799
429,102,0.1,0.160237,0.053846,2.303195,197.7334,60.6459,0.193709
430,102,0.1,0.142403,0.057047,2.215892,205.1308,61.4193,0.358073
431,102,0.1,0.140524,0.060190,2.301797,205.9334,56.7465,0.184869
432,102,0.1,0.173872,0.069277,2.487570,241.7075,59.3115,1.359010
433,102,0.1,0.162879,0.065803,2.379781,222.7963,59.1459,0.677752
434,102,0.1,0.123255,0.050563,2.115621,176.9027,57.7341,0.991819
435,102,0.1,0.159735,0.055564,2.300505,218.1826,55.2762,0.176705
436,102,0.1,0.167913,0.049597,2.326656,212.6614,61.0448,0.341990
437,102,0.1,0.130626,0.052867,2.204370,180.6167,56.5306,0.430900
438,102,0.1,0.087566,0.045351,2.100030,145.2697,55.3431,1.090357
439,102,0.1,0.146789,0.064290,2.307064,191.9699,53.9859,0.218157
440,102,0.1,0.142812,0.054662,2.209272,194.0589,58.8617,0.399914
441,102,0.1,0.191997,0.100366,2.375218,260.2442,57.5589,0.648914
442,102,0.1,0.187874,0.073328,2.466658,251.0525,62.8516,1.226843
443,102,0.1,0.118952,0.049120,2.129948,174.9099,58.2123,0.901269
444,102,0.1,0.196326,0.079904,2.397393,252.8621,56.1857,0.789065
445,102,0.1,0.132010,0.049954,2.185308,177.6796,55.5671,0.551377
446,102,0.1,0.165419,0.057440,2.392715,213.9728,61.1489,0.759500
447,102,0.1,0.121733,0.050847,2.202335,179.0342,57.3028,0.443759
448,102,0.1,0.188966,0.077965,2.401331,254.3719,56.7979,0.813952
449,102,0.1,0.128326,0.060452,2.151478,197.2708,54.5755,0.765189
450,102,0.1,0.178992,0.100329,2.458666,264.1366,55.1875,1.176331
451,102,0.1,0.163861,0.063496,2.278848,229.3831,54.9427,0.039823
452,102,0.1,0.172371,0.072802,2.308739,235.4134,60.2386,0.228745
453,102,0.1,0.170809,0.067705,2.464706,219.3357,59.6186,1.214507
454,102,0.1,0.102970,0.044473,2.121182,171.1173,52.0226,0.956669
455,102,0.1,0.147032,0.057125,2.134523,204.1161,55.6365,0.872351
456,102,0.1,0.185146,0.078529,2.460969,246.7137,59.3475,1.190886
457,102,0.1,0.174845,0.070595,2.355899,252.3343,56.1247,0.526812
458,102,0.1,0.116488,0.054438,2.158765,186.5141,60.6289,0.719138
459,102,0.1,0.131592,0.052462,2.186772,187.3979,58.4011,0.542120
460,102,0.1,0.171584,0.069795,2.323714,221.0503,61.2269,0.323392
461,102,0.1,0.148057,0.067136,2.309502,223.0149,58.1112,0.233570
462,102,0.1,0.133589,0.055943,2.134007,206.6491,57.9269,0.875611
463,102,0.1,0.188164,0.116632,2.443884,261.5755,55.2508,1.082905
464,102,0.1,0.151991,0.055741,2.335289,200.0710,56.7906,0.396550
465,102,0.1,0.150399,0.068711,2.298654,206.8030,59.1994,0.165007
466,102,0.1,0.130814,0.049357,2.099727,186.3721,56.6233,1.092270
467,102,0.1,0.147473,0.064318,2.280135,209.5928,60.2107,0.047960
468,102,0.1,0.123907,0.060206,2.144949,201.7398,56.1399,0.806459
469,102,0.1,0.138516,0.055405,2.219385,204.0357,54.8764,0.335999
470,102,0.1,0.102736,0.046768,2.121349,164.0572,57.0854,0.955614
471,102,0.1,0.135456,0.056092,2.266909,195.9808,57.4000,0.035631
472,102,0.1,0.154937,0.054454,2.202398,203.6577,57.1229,0.443363
473,102,0.1,0.129050,0.052401,2.154369,195.5725,57.8622,0.746922
474,102,0.1,0.108222,0.054079,2.063846,179.8773,56.3688,1.319051
475,102,0.1,0.138507,0.057545,2.233885,195.9667,58.8109,0.244351
476,102,0.1,0.100750,0.050628,2.120619,166.1915,56.6852,0.960227
477,102,0.1,0.101196,0.040988,2.080930,162.9271,55.9687,1.211073
478,102,0.1,0.097166,0.044039,2.134274,159.9555,54.2850,0.873925
479,102,0.1,0.196432,0.077110,2.505797,252.6552,55.0155,1.474209
480,102,0.1,0.183869,0.080394,2.358104,254.2356,55.3794,0.540745
481,102,0.1,0.108620,0.049208,2.154732,182.3337,56.4706,0.744627
482,102,0.1,0.154637,0.059678,2.261399,205.7715,61.0287,0.070458
483,102,0.1,0.149445,0.073375,2.331778,225.1197,58.8341,0.374361
484,102,0.1,0.129189,0.052397,2.111189,187.1945,59.6010,1.019829
485,102,0.1,0.138311,0.057821,2.242681,197.6312,58.4981,0.188763
486,102,0.1,0.132038,0.053301,2.220085,187.7022,58.8617,0.331574
487,102,0.1,0.163331,0.064446,2.307108,233.0274,59.5413,0.218435
488,102,0.1,0.153883,0.057380,2.310441,217.4587,53.3333,0.239502
489,102,0.1,0.171239,0.068149,2.483267,226.0118,60.5062,1.331813
490,102,0.1,0.121828,0.047023,2.144991,176.9675,55.5228,0.806190
491,102,0.1,0.130144,0.054932,2.156266,197.3840,56.7370,0.734929
492,102,0.1,0.121023,0.055327,2.090484,181.0217,58.7502,1.150691
493,102,0.1,0.133706,0.057197,2.198341,200.7643,57.5372,0.469001
494,102,0.1,0.166314,0.067268,2.340352,236.6549,56.3240,0.428547
495,102,0.1,0.180232,0.077948,2.427710,253.2593,59.6498,0.980679
496,102,0.1,0.146936,0.048184,2.184035,198.0411,61.2908,0.559422
497,102,0.1,0.159624,0.060752,2.286077,205.7008,58.7951,0.085515
498,102,0.1,0.164331,0.074415,2.341004,227.3676,56.1679,0.432673
499,102,0.1,0.130546,0.059884,2.172733,197.9706,58.2305,0.630853
500,102,0.1,0.116135,0.048133,2.131625,182.2045,54.5167,0.890668
501,102,0.2,0.083483,0.043170,2.127582,129.6887,58.2932,0.916218
502,102,0.2,0.184007,0.067928,2.499773,242.3198,59.7731,1.436141
503,102,0.2,0.168256,0.073291,2.383064,242.1966,54.7260,0.698505
504,102,0.2,0.150248,0.058890,2.334092,212.9980,63.1325,0.388987
505,102,0.2,0.131975,0.049693,2.116227,188.1997,57.8339,0.987989
506,102,0.2,0.059083,0.054313,2.249060,113.3603,58.9181,0.148441
507,102,0.2,0.057483,0.050461,2.414850,106.6720,60.9052,0.899400
508,102,0.2,0.234728,0.143531,2.347752,269.5117,58.3732,0.475323
509,102,0.2,0.058504,0.044500,2.342579,107.1652,53.7884,0.442626
510,102,0.2,0.138722,0.058616,2.210244,200.4295,55.9637,0.393775
511,102,0.2,0.065037,0.041542,2.214206,134.8781,50.1963,0.368729
512,102,0.2,0.177370,0.073921,2.389853,246.7708,56.4892,0.741410
513,102,0.2,0.115508,0.049190,2.180060,178.3132,57.8253,0.584542
514,102,0.2,0.176134,0.085783,2.416293,253.9635,54.6866,0.908521
515,102,0.2,0.138479,0.049462,2.244002,189.6900,55.5128,0.180410
516,102,0.2,0.201467,0.088829,2.359929,264.4475,60.5221,0.552284
517,102,0.2,0.190331,0.085288,2.433223,248.7477,56.1410,1.015520
518,102,0.2,0.176454,0.072007,2.287800,248.0962,59.1497,0.096407
519,102,0.2,0.184578,0.072339,2.406216,238.1959,58.3891,0.844828
520,102,0.2,0.061325,0.042300,2.416642,114.0546,53.9174,0.910729
521,102,0.2,0.236244,0.132087,2.443829,264.9601,58.8709,1.082558
522,102,0.2,0.174159,0.062487,2.312547,236.3299,59.4436,0.252811
523,102,0.2,0.149975,0.058102,2.225110,214.7172,59.7167,0.299814
524,102,0.2,0.135949,0.055102,2.208987,194.9541,61.7419,0.401716
525,102,0.2,0.158234,0.061376,2.395978,207.2055,60.4406,0.780121
526,102,0.2,0.069747,0.042270,2.212166,127.0890,54.0446,0.381625
527,102,0.2,0.162470,0.064795,2.351843,219.9127,61.0413,0.501177
528,102,0.2,0.208477,0.183146,2.614262,275.2820,55.2931,2.159742
529,102,0.2,0.103032,0.047193,2.061770,154.8153,57.3124,1.332169
530,102,0.2,0.100769,0.048054,2.089336,172.5428,58.9048,1.157948
531,102,0.2,0.179902,0.115778,2.313765,273.1501,57.2107,0.260510
532,102,0.2,0.088420,0.045863,2.135536,161.8664,60.6325,0.865949
533,102,0.2,0.134458,0.070987,2.295912,200.7284,60.4513,0.147674
534,102,0.2,0.105120,0.044217,2.142778,170.9098,57.4536,0.820177
535,102,0.2,0.123897,0.047960,2.130499,190.0626,54.9767,0.897782
536,102,0.2,0.202512,0.102680,2.559767,264.6674,56.9362,1.815318
537,102,0.2,0.124298,0.053655,2.240454,168.9424,56.4800,0.202836
538,102,0.2,0.175192,0.080974,2.395620,245.0349,55.0145,0.777863
539,102,0.2,0.190650,0.070066,2.475583,229.8385,52.4101,1.283248
540,102,0.2,0.119486,0.052912,2.130796,183.8655,58.8068,0.895906
541,102,0.2,0.066598,0.042796,2.257426,111.5235,54.5377,0.095567
542,102,0.2,0.165161,0.069248,2.405074,243.5894,60.7571,0.837614
543,102,0.2,0.173046,0.064120,2.365468,235.1804,57.3642,0.587291
544,102,0.2,0.189792,0.106374,2.596333,265.4276,58.4245,2.046426
545,102,0.2,0.180613,0.061909,2.379406,216.2405,53.6813,0.675381
546,102,0.2,0.180885,0.067450,2.308371,247.6020,59.3706,0.226420
547,102,0.2,0.182613,0.099223,2.351411,262.4560,54.3796,0.498446
548,102,0.2,0.073714,0.041553,2.201374,132.3257,51.4164,0.449831
549,102,0.2,0.203453,0.102237,2.366215,266.4556,55.1585,0.592013
550,102,0.2,0.220167,0.122501,2.452612,271.3134,54.3496,1.138065
551,102,0.2,0.150952,0.095947,2.387453,252.1015,51.7887,0.726239
552,102,0.2,0.198855,0.104595,2.349560,268.7546,57.6664,0.486746
553,102,0.2,0.200387,0.076264,2.575137,251.5460,60.4493,1.912463
554,102,0.2,0.141712,0.053057,2.241666,185.2993,57.1870,0.195177
555,102,0.2,0.145607,0.052664,2.194137,190.8450,58.1272,0.495575
556,102,0.2,0.186549,0.073421,2.362611,253.2074,58.0206,0.569232
557,102,0.2,0.106678,0.046939,2.070938,174.4898,54.0451,1.274231
558,102,0.2,0.130122,0.062423,2.166677,203.4730,57.7709,0.669126
559,102,0.2,0.133869,0.052524,2.170432,191.1392,58.7155,0.645397
560,102,0.2,0.186654,0.179003,2.491683,273.8705,57.2734,1.385008
561,102,0.2,0.189521,0.091546,2.342824,263.4584,57.3007,0.444172
562,102,0.2,0.166875,0.061243,2.245177,226.3859,60.6472,0.172985
563,102,0.2,0.126551,0.065757,2.236821,209.7423,54.3821,0.225799
564,102,0.2,0.159308,0.053890,2.246366,208.9147,57.0481,0.165468
565,102,0.2,0.120181,0.049437,2.102453,181.7282,55.8343,1.075045
566,102,0.2,0.199360,0.159497,2.333971,267.5080,54.1312,0.388217
567,102,0.2,0.162426,0.059125,2.317499,210.8367,60.4690,0.284109
568,102,0.2,0.088602,0.043103,2.001370,152.0349,53.6700,1.713918
569,102,0.2,0.056293,0.050491,2.255944,106.8262,57.1447,0.104937
570,102,0.2,0.158021,0.067675,2.292467,203.3052,60.9761,0.125901
571,102,0.2,0.176857,0.068147,2.344397,237.5368,51.3071,0.454117
572,102,0.2,0.157969,0.064507,2.330772,223.1284,55.5259,0.368004
573,102,0.2,0.158688,0.057978,2.305740,211.7873,61.8054,0.209791
574,102,0.2,0.195539,0.092590,2.386845,258.8616,56.5382,0.722398
575,102,0.2,0.070757,0.043899,2.288105,116.9482,52.3649,0.098332
576,102,0.2,0.057558,0.046902,2.388563,113.0682,64.0060,0.733259
577,102,0.2,0.163780,0.075472,2.295364,253.6696,53.0842,0.144213
578,102,0.2,0.138671,0.054059,2.193922,196.4634,56.4208,0.496934
579,102,0.2,0.235068,0.146199,2.327820,267.9438,53.9718,0.349343
580,102,0.2,0.208528,0.105034,2.477115,270.8900,58.8778,1.292931
581,102,0.2,0.177570,0.079830,2.392335,254.9657,56.7131,0.757096
582,102,0.2,0.175862,0.073992,2.433798,227.0617,59.0954,1.019157
583,102,0.2,0.111059,0.048726,2.111179,198.0440,55.6198,1.019892
584,102,0.2,0.189678,0.066378,2.376326,222.0088,57.2414,0.655914
585,102,0.2,0.115259,0.046117,2.223742,174.7413,59.3525,0.308458
586,102,0.2,0.163078,0.053175,2.366199,210.6683,56.3097,0.591913
587,102,0.2,0.209112,0.152546,2.297876,271.5504,58.0796,0.160088
588,102,0.2,0.108486,0.050129,2.127598,178.9595,53.2020,0.916117
589,102,0.2,0.168965,0.068904,2.366404,223.5590,59.5588,0.593207
590,102,0.2,0.198081,0.070244,2.428135,237.4293,55.7980,0.983362
591,102,0.2,0.184117,0.066866,2.369801,235.6142,57.7824,0.614675
592,102,0.2,0.124423,0.051931,2.133726,178.9451,61.9317,0.877392
593,102,0.2,0.164127,0.069770,2.398860,233.9818,58.7328,0.798339
594,102,0.2,0.160154,0.061058,2.346067,225.0617,57.2936,0.464673
595,102,0.2,0.213830,0.124965,2.393158,277.3156,53.4210,0.762297
596,102,0.2,0.085665,0.044204,2.110302,146.6005,54.3902,1.025436
597,102,0.2,0.080795,0.041135,2.179068,140.3674,50.7743,0.590815
598,102,0.2,0.193883,0.178167,2.436302,273.2708,57.3918,1.034982
599,102,0.2,0.175208,0.068692,2.380912,250.0871,59.1774,0.684903
600,102,0.2,0.137933,0.057359,2.257788,202.6008,58.5512,0.093280
601,103,0.1,0.140316,0.059932,2.185073,197.7951,60.3101,0.552857
602,103,0.1,0.104402,0.046770,2.163875,166.8974,58.9215,0.686836
603,103,0.1,0.138919,0.052896,2.195108,195.2236,59.5596,0.489433
604,103,0.1,0.187144,0.092404,2.461605,261.2573,59.4508,1.194903
605,103,0.1,0.163895,0.056950,2.315925,207.4841,58.8728,0.274161
606,103,0.1,0.150120,0.053582,2.288247,212.6202,56.3781,0.099230
607,103,0.1,0.162487,0.060231,2.247678,202.1854,59.2773,0.157180
608,103,0.1,0.184648,0.094568,2.262935,271.2358,56.3222,0.060751
609,103,0.1,0.132358,0.054095,2.191733,184.5726,58.7093,0.510770
610,103,0.1,0.116540,0.048033,2.207656,175.8231,58.0815,0.410131
611,103,0.1,0.125790,0.058225,2.195346,193.6924,57.0932,0.487932
612,103,0.1,0.169145,0.089561,2.349035,252.7413,55.6403,0.483430
613,103,0.1,0.166239,0.052696,2.269358,214.8774,57.5042,0.020155
614,103,0.1,0.167498,0.069358,2.355513,245.0575,56.6753,0.524373
615,103,0.1,0.172168,0.068502,2.384499,224.8811,57.0209,0.707574
616,103,0.1,0.077324,0.043389,2.158728,127.6881,52.1178,0.719371
617,103,0.1,0.132726,0.057568,2.231354,185.7518,59.6521,0.260352
618,103,0.1,0.116636,0.052220,2.105282,203.4403,57.2345,1.057164
619,103,0.1,0.143149,0.054204,2.258641,181.7567,56.4884,0.087889
620,103,0.1,0.190177,0.090780,2.435410,260.0457,56.0979,1.029346
621,103,0.1,0.147248,0.072147,2.316732,218.0932,57.1149,0.279261
622,103,0.1,0.155996,0.061985,2.308590,204.7618,57.5290,0.227802
623,103,0.1,0.121110,0.054107,2.097988,191.6996,57.5845,1.103262
624,103,0.1,0.158725,0.061775,2.244916,212.5321,59.0955,0.174637
625,103,0.1,0.188663,0.073848,2.381723,248.8279,60.2317,0.690025
626,103,0.1,0.168384,0.059604,2.271776,229.4339,54.5101,0.004871
627,103,0.1,0.130608,0.048227,2.156639,181.7651,56.2145,0.732569
628,103,0.1,0.143113,0.057948,2.254073,194.0580,58.0733,0.116762
629,103,0.1,0.158199,0.056648,2.410329,202.1704,55.6852,0.870826
630,103,0.1,0.085837,0.046371,2.186158,142.6162,58.2682,0.546005
631,103,0.1,0.135399,0.058767,2.151277,206.6398,57.1684,0.766461
632,103,0.1,0.141675,0.054431,2.195236,190.7652,58.9049,0.488625
633,103,0.1,0.136049,0.051448,2.285055,186.2783,58.4403,0.079059
634,103,0.1,0.150272,0.055257,2.271959,220.0514,57.9276,0.003712
635,103,0.1,0.096262,0.047396,2.094187,176.3191,55.9906,1.127287
636,103,0.1,0.176859,0.074877,2.483211,237.0502,54.7983,1.331460
637,103,0.1,0.173131,0.054741,2.339175,220.3431,57.6287,0.421113
638,103,0.1,0.071859,0.039967,2.228562,115.5362,49.5226,0.277999
639,103,0.1,0.176208,0.062632,2.350717,203.4950,54.8196,0.494061
640,103,0.1,0.093541,0.044284,2.116189,162.1850,53.7047,0.988228
641,103,0.1,0.174360,0.069704,2.396993,233.6626,57.4644,0.786541
642,103,0.1,0.156762,0.057519,2.322906,209.5463,61.8681,0.318283
643,103,0.1,0.149704,0.064388,2.311631,200.9116,56.9515,0.247023
644,103,0.1,0.179496,0.103632,2.473884,268.9661,56.2357,1.272512
645,103,0.1,0.153044,0.057671,2.369643,187.3672,57.2969,0.613676
646,103,0.1,0.091894,0.041755,2.058451,146.5012,57.7211,1.353146
647,103,0.1,0.160302,0.062903,2.302950,214.7499,54.7094,0.192161
648,103,0.1,0.155069,0.060170,2.319480,199.4969,56.1089,0.296630
649,103,0.1,0.132459,0.053668,2.156270,197.1476,56.8225,0.734902
650,103,0.1,0.135743,0.058260,2.253936,184.5620,55.6819,0.117627
651,103,0.1,0.130430,0.054265,2.225585,192.6489,58.5009,0.296812
652,103,0.1,0.132762,0.057016,2.206004,190.0852,57.7836,0.420567
653,103,0.1,0.139283,0.058297,2.276972,197.1399,60.0524,0.027972
654,103,0.1,0.133846,0.053540,2.173391,197.7481,64.1301,0.626697
655,103,0.1,0.159560,0.068608,2.332487,215.9120,61.1512,0.378840
656,103,0.1,0.130649,0.050044,2.210417,186.2261,58.4270,0.392677
657,103,0.1,0.165328,0.112249,2.313189,267.1300,54.1698,0.256874
658,103,0.1,0.112087,0.048808,2.090453,171.8712,55.4826,1.150890
659,103,0.1,0.167434,0.055679,2.328115,225.8989,56.7216,0.351208
660,103,0.1,0.133514,0.052883,2.129418,195.0730,56.3877,0.904615
661,103,0.1,0.171227,0.068002,2.358488,240.0293,62.6444,0.543172
662,103,0.1,0.110168,0.043762,2.107389,166.5453,59.8569,1.043849
663,103,0.1,0.131662,0.048013,2.205567,195.2716,59.3670,0.423330
664,103,0.1,0.175235,0.115472,2.433137,260.7723,55.2162,1.014980
665,103,0.1,0.134287,0.053706,2.105947,192.1324,55.7865,1.052962
666,103,0.1,0.127670,0.048188,2.171029,188.2396,55.4923,0.641625
667,103,0.1,0.112217,0.050107,2.119059,175.6915,57.8312,0.970089
668,103,0.1,0.094651,0.046093,2.043547,151.0544,52.3079,1.447350
669,103,0.1,0.197566,0.096113,2.316398,268.5444,58.0785,0.277153
670,103,0.1,0.197944,0.116999,2.564486,263.4911,55.8977,1.845143
671,103,0.1,0.137421,0.056899,2.221836,188.3978,57.8827,0.320508
672,103,0.1,0.179629,0.101004,2.303224,265.3678,56.0151,0.193891
673,103,0.1,0.107235,0.049242,2.064078,165.3447,56.9630,1.317584
674,103,0.1,0.123256,0.050989,2.219673,185.6526,57.6342,0.334175
675,103,0.1,0.147817,0.056966,2.330063,192.9964,60.3003,0.363522
676,103,0.1,0.151875,0.065063,2.307540,216.2798,60.9365,0.221170
677,103,0.1,0.160521,0.068115,2.330662,235.0488,56.7988,0.367308
678,103,0.1,0.159319,0.059920,2.303871,226.3699,55.6132,0.197981
679,103,0.1,0.176508,0.073698,2.356982,258.3401,54.1403,0.533656
680,103,0.1,0.152341,0.056429,2.203373,210.0407,56.9964,0.437198
681,103,0.1,0.175720,0.078627,2.411332,249.2466,58.4125,0.877167
682,103,0.1,0.151283,0.052159,2.243994,197.6408,61.5108,0.180460
683,103,0.1,0.122360,0.051189,2.093216,201.4468,55.5246,1.133425
684,103,0.1,0.244397,0.086986,2.594135,266.0694,59.0484,2.032532
685,103,0.1,0.126445,0.057005,2.170486,201.9848,62.0536,0.645055
686,103,0.1,0.116075,0.050980,2.119375,177.0795,56.7540,0.968095
687,103,0.1,0.162855,0.065595,2.299269,225.4618,61.1009,0.168890
688,103,0.1,0.149386,0.057239,2.241071,201.8643,57.2243,0.198938
689,103,0.1,0.122693,0.052144,2.164927,197.6701,59.2724,0.680187
690,103,0.1,0.168602,0.061571,2.342495,217.0268,54.6072,0.442094
691,103,0.1,0.133935,0.057348,2.199928,195.8415,56.4518,0.458970
692,103,0.1,0.082287,0.042646,2.093163,138.4718,53.6529,1.133761
693,103,0.1,0.199571,0.077214,2.496720,255.8746,59.3720,1.416845
694,103,0.1,0.123176,0.049988,2.103041,182.0813,58.5573,1.071330
695,103,0.1,0.190020,0.104754,2.374743,264.8772,56.8524,0.645909
696,103,0.1,0.189121,0.087340,2.357651,273.6908,58.1317,0.537887
697,103,0.1,0.194093,0.073846,2.394526,249.6972,59.1274,0.770944
698,103,0.1,0.126493,0.049433,2.207134,192.3565,59.4043,0.413430
699,103,0.1,0.128998,0.054958,2.170003,186.6130,56.0341,0.648109
700,103,0.1,0.174673,0.062453,2.353354,238.7888,57.6330,0.510725
701,103,0.2,0.146164,0.057662,2.288851,202.5522,64.4084,0.103051
702,103,0.2,0.061528,0.045680,2.344976,114.0773,61.8633,0.457774
703,103,0.2,0.183394,0.105712,2.499572,273.0518,57.4680,1.434871
704,103,0.2,0.154742,0.060293,2.376665,214.7288,55.6582,0.658059
705,103,0.2,0.179942,0.077203,2.395118,253.3433,53.8803,0.774688
706,103,0.2,0.076510,0.041747,2.187228,131.8976,54.2639,0.539240
707,103,0.2,0.140264,0.057058,2.258994,199.0526,62.1247,0.085658
708,103,0.2,0.146540,0.054252,2.244193,199.8739,57.9815,0.179205
709,103,0.2,0.233031,0.203112,2.834221,267.4544,57.7662,3.549952
710,103,0.2,0.237421,0.118247,2.284852,270.8300,57.3262,0.077771
711,103,0.2,0.164868,0.071141,2.349446,237.6312,57.3246,0.486029
712,103,0.2,0.153875,0.063966,2.372553,212.4181,56.8782,0.632072
713,103,0.2,0.107320,0.047976,2.085661,173.3585,55.3049,1.181176
714,103,0.2,0.174216,0.075607,2.409145,253.4498,59.0375,0.863345
715,103,0.2,0.249886,0.107943,2.403518,263.8169,55.3500,0.827779
716,103,0.2,0.131353,0.053858,2.167982,188.6473,54.8536,0.660878
717,103,0.2,0.189783,0.062921,2.418135,221.6222,55.7027,0.920162
718,103,0.2,0.190515,0.175035,2.300184,274.7769,56.3820,0.174674
719,103,0.2,0.191041,0.086310,2.323733,262.7317,57.8146,0.323511
720,103,0.2,0.130121,0.049755,2.215971,183.2204,61.2180,0.357573
721,103,0.2,0.176663,0.102715,2.328928,281.4398,54.1022,0.356345
722,103,0.2,0.210348,0.147484,2.357826,275.4244,57.5017,0.538994
723,103,0.2,0.192776,0.092329,2.320960,264.8654,58.2844,0.305986
724,103,0.2,0.164401,0.060435,2.311721,225.6856,58.4384,0.247596
725,103,0.2,0.184169,0.105649,2.458836,269.4093,58.8371,1.177402
726,103,0.2,0.164953,0.065693,2.371922,234.2436,55.3513,0.628083
727,103,0.2,0.156572,0.062806,2.393114,197.9089,59.3921,0.762019
728,103,0.2,0.065225,0.044873,2.307654,130.3404,53.9846,0.221891
729,103,0.2,0.088321,0.044022,2.152806,150.1535,54.7925,0.756799
730,103,0.2,0.186511,0.081745,2.408013,260.2940,58.7421,0.856185
731,103,0.2,0.129618,0.050966,2.244653,187.5888,59.4344,0.176299
732,103,0.2,0.227130,0.213442,2.787256,266.0415,57.3404,3.253119
733,103,0.2,0.193502,0.103706,2.440878,255.8679,58.4743,1.063906
734,103,0.2,0.087610,0.041017,2.155962,152.9006,52.1088,0.736850
735,103,0.2,0.210011,0.085006,2.495469,255.6293,58.7210,1.408933
736,103,0.2,0.127842,0.053105,2.213057,186.3373,54.8548,0.375990
737,103,0.2,0.188142,0.093579,2.385505,261.6361,59.0704,0.713933
738,103,0.2,0.097218,0.045420,2.056276,152.2404,57.9833,1.366894
739,103,0.2,0.146739,0.054268,2.185194,190.5197,55.8745,0.552097
740,103,0.2,0.150022,0.061305,2.356055,217.8703,59.8691,0.527800
741,103,0.2,0.193728,0.092050,2.402959,266.9672,55.7326,0.824247
742,103,0.2,0.148999,0.057962,2.254068,204.9877,62.8059,0.116791
743,103,0.2,0.148886,0.067479,2.316010,212.0085,57.4788,0.274699
744,103,0.2,0.092472,0.046453,2.102078,155.9560,54.6730,1.077416
745,103,0.2,0.128468,0.050936,2.084861,190.8915,53.6425,1.186229
746,103,0.2,0.175255,0.101213,2.458014,266.1991,59.4651,1.172212
747,103,0.2,0.191042,0.118501,2.368057,270.7234,51.8706,0.603655
748,103,0.2,0.142707,0.050304,2.245522,198.2557,55.1444,0.170803
749,103,0.2,0.152489,0.082618,2.404560,224.2981,54.2811,0.834364
750,103,0.2,0.135713,0.061119,2.316141,191.8547,56.6287,0.275530
751,103,0.2,0.182609,0.073215,2.306333,230.4820,59.0618,0.213541
752,103,0.2,0.076839,0.041640,2.062982,127.7417,59.9156,1.324515
753,103,0.2,0.123211,0.046568,2.188688,174.0929,53.9190,0.530011
754,103,0.2,0.205365,0.090147,2.426936,254.6970,56.2027,0.975785
755,103,0.2,0.093935,0.046899,2.058447,163.8114,58.6683,1.353177
756,103,0.2,0.127285,0.049373,2.231103,189.1507,54.7810,0.261934
757,103,0.2,0.067897,0.045094,2.187654,118.2098,53.1770,0.536545
758,103,0.2,0.113777,0.051095,2.182072,184.0924,54.9223,0.571827
759,103,0.2,0.174524,0.071466,2.421497,235.1617,58.2706,0.941408
760,103,0.2,0.178793,0.073611,2.382544,226.5515,59.1235,0.695214
761,103,0.2,0.224038,0.109031,2.399957,269.2654,59.6346,0.805268
762,103,0.2,0.086004,0.040142,2.138520,147.0074,53.3127,0.847090
763,103,0.2,0.098756,0.049920,2.087261,172.7803,58.1990,1.171063
764,103,0.2,0.179465,0.060714,2.382912,229.3255,57.7023,0.697539
765,103,0.2,0.161788,0.068839,2.306903,207.1665,54.9151,0.217139
766,103,0.2,0.139457,0.052382,2.241702,188.3896,58.8772,0.194950
767,103,0.2,0.103996,0.049797,2.087774,183.7659,56.6333,1.167819
768,103,0.2,0.172598,0.067360,2.348188,231.0946,55.4128,0.478077
769,103,0.2,0.171745,0.075185,2.412432,244.2619,54.3241,0.884114
770,103,0.2,0.090164,0.041115,2.161549,136.3450,55.4014,0.701536
771,103,0.2,0.103940,0.045154,2.050325,163.0462,56.0656,1.404510
772,103,0.2,0.150532,0.054712,2.277031,206.8118,59.2592,0.028344
773,103,0.2,0.086645,0.044060,2.055660,153.1702,53.8792,1.370791
774,103,0.2,0.174743,0.078030,2.332967,250.0259,56.0329,0.381877
775,103,0.2,0.155996,0.064166,2.260428,206.9915,58.5223,0.076596
776,103,0.2,0.149230,0.066706,2.340242,212.4085,61.9410,0.427852
777,103,0.2,0.143238,0.054054,2.227716,188.6475,57.8801,0.283341
778,103,0.2,0.084213,0.044895,2.128180,137.3657,53.5805,0.912442
779,103,0.2,0.134132,0.050679,2.191776,195.7179,54.0419,0.510493
780,103,0.2,0.140139,0.049712,2.188677,197.6618,56.4449,0.530083
781,103,0.2,0.179958,0.072359,2.433069,253.1151,57.8903,1.014549
782,103,0.2,0.066528,0.043963,2.183753,128.5863,61.9725,0.561201
783,103,0.2,0.145616,0.072056,2.333772,206.2963,54.1469,0.386964
784,103,0.2,0.092429,0.057231,2.102995,192.0863,54.3462,1.071619
785,103,0.2,0.061318,0.044024,2.329787,121.4877,57.8439,0.361778
786,103,0.2,0.165640,0.059288,2.383018,200.3124,60.2671,0.698212
787,103,0.2,0.112760,0.051269,2.085618,180.1009,62.1123,1.181448
788,103,0.2,0.183569,0.080014,2.267710,262.4044,55.3922,0.030569
789,103,0.2,0.171015,0.075021,2.311288,219.1633,61.6731,0.244859
790,103,0.2,0.068930,0.044133,2.194837,114.2743,49.4043,0.491146
791,103,0.2,0.188674,0.065180,2.370784,242.3266,58.2557,0.620892
792,103,0.2,0.114671,0.048802,2.041019,179.5477,54.5480,1.463322
793,103,0.2,0.172203,0.074837,2.420429,246.1398,55.3909,0.934662
794,103,0.2,0.069920,0.043958,2.155901,128.3081,59.8774,0.737234
795,103,0.2,0.127238,0.053257,2.130880,188.3063,56.3764,0.895375
796,103,0.2,0.185431,0.079825,2.416895,252.4774,56.6309,0.912325
797,103,0.2,0.210956,0.117524,2.477140,273.1928,59.3207,1.293092
798,103,0.2,0.077543,0.044437,2.143095,134.6028,55.2290,0.818177
799,103,0.2,0.083140,0.040788,2.224780,134.4228,54.3075,0.301903
800,103,0.2,0.186542,0.058377,2.384013,224.3355,58.2146,0.704503
801,104,0.1,0.139115,0.052050,2.235636,204.4299,63.1914,0.233286
802,104,0.1,0.120226,0.044782,2.028151,174.4747,54.4980,1.544653
803,104,0.1,0.169286,0.073510,2.424099,240.9543,56.1545,0.957859
804,104,0.1,0.122708,0.053776,2.256739,180.8801,56.1225,0.099908
805,104,0.1,0.081206,0.041398,2.208882,142.7214,51.1025,0.402383
806,104,0.1,0.166055,0.059581,2.396730,208.5873,59.1229,0.784878
807,104,0.1,0.146416,0.051695,2.263605,195.5652,60.5088,0.056516
808,104,0.1,0.190959,0.086310,2.421043,258.8514,57.2686,0.938542
809,104,0.1,0.142830,0.057083,2.237947,201.3879,57.0703,0.218679
810,104,0.1,0.145200,0.063655,2.322224,201.8898,57.6620,0.313977
811,104,0.1,0.141570,0.063737,2.248980,205.8533,57.4176,0.148951
812,104,0.1,0.116403,0.050671,2.155214,173.4244,53.4797,0.741576
813,104,0.1,0.133381,0.051120,2.180166,183.0443,56.1221,0.583872
814,104,0.1,0.195261,0.114996,2.412596,268.3727,57.0084,0.885153
815,104,0.1,0.146238,0.053551,2.307254,191.7041,59.0837,0.219361
816,104,0.1,0.116102,0.046847,2.131702,166.0861,55.7620,0.890179
817,104,0.1,0.140849,0.053712,2.291859,187.7731,55.5873,0.122057
818,104,0.1,0.181449,0.076193,2.351981,251.6871,56.7326,0.502049
819,104,0.1,0.116392,0.057763,2.166392,200.2735,55.2971,0.670930
820,104,0.1,0.181113,0.066183,2.379159,243.8045,58.0072,0.673822
821,104,0.1,0.127317,0.054630,2.219721,194.2140,58.0112,0.333872
822,104,0.1,0.157889,0.061411,2.319802,213.2690,60.4177,0.298665
823,104,0.1,0.165012,0.063467,2.383559,234.1525,61.0329,0.701630
824,104,0.1,0.163336,0.058673,2.373384,224.9833,56.8317,0.637323
825,104,0.1,0.156210,0.063696,2.388805,208.6082,58.8997,0.734785
826,104,0.1,0.175099,0.071670,2.352733,252.4244,58.0448,0.506803
827,104,0.1,0.142615,0.056615,2.173594,197.8468,56.7668,0.625411
828,104,0.1,0.146373,0.051607,2.273024,200.1882,60.2230,0.003019
829,104,0.1,0.124733,0.047380,2.141112,177.1713,61.0845,0.830707
830,104,0.1,0.126855,0.055009,2.178364,196.5766,57.2509,0.595263
831,104,0.1,0.144940,0.061350,2.315515,211.4761,59.4619,0.271573
832,104,0.1,0.121742,0.053735,2.158939,188.9380,60.8984,0.718034
833,104,0.1,0.112888,0.050736,2.135248,179.6214,55.3159,0.867771
834,104,0.1,0.114605,0.046703,2.126459,168.0981,57.8945,0.923316
835,104,0.1,0.139861,0.053097,2.260735,194.3374,56.4031,0.074653
836,104,0.1,0.083507,0.039180,2.217928,146.6793,52.2231,0.345210
837,104,0.1,0.160557,0.066068,2.304545,220.5427,55.7969,0.202240
838,104,0.1,0.163419,0.064123,2.317646,209.0600,59.5708,0.285040
839,104,0.1,0.174815,0.068056,2.417105,215.8816,57.3448,0.913654
840,104,0.1,0.132907,0.052987,2.134327,190.3902,57.9070,0.873593
841,104,0.1,0.162339,0.063823,2.308036,228.5225,56.3530,0.224303
842,104,0.1,0.150313,0.069595,2.329558,228.4938,55.9962,0.360327
843,104,0.1,0.118434,0.050748,2.124666,180.8170,58.8166,0.934653
844,104,0.1,0.119076,0.046928,2.130683,169.9475,57.9767,0.896624
845,104,0.1,0.174991,0.067786,2.359277,231.5208,57.4938,0.548162
846,104,0.1,0.187928,0.072569,2.326616,248.8183,54.8827,0.341734
847,104,0.1,0.127193,0.050402,2.162214,187.2086,56.6884,0.697336
848,104,0.1,0.139322,0.051590,2.261917,202.1642,56.1368,0.067181
849,104,0.1,0.142929,0.053506,2.254862,197.4337,55.0079,0.111770
850,104,0.1,0.182233,0.075898,2.374610,257.3913,56.9989,0.645073
851,104,0.1,0.132824,0.053710,2.229794,192.8545,55.7923,0.270209
852,104,0.1,0.115000,0.049207,2.053781,184.6706,58.1101,1.382668
853,104,0.1,0.086154,0.043143,2.147865,141.5316,56.3368,0.788029
854,104,0.1,0.132757,0.057551,2.257509,181.1970,56.8955,0.095040
855,104,0.1,0.140170,0.054603,2.142952,202.1186,58.1774,0.819076
856,104,0.1,0.110916,0.047294,2.138276,169.7271,56.8255,0.848631
857,104,0.1,0.175061,0.069817,2.366409,262.0587,57.6747,0.593239
858,104,0.1,0.098864,0.048618,2.118992,165.7285,54.4864,0.970510
859,104,0.1,0.163489,0.056322,2.377566,220.4043,54.5468,0.663755
860,104,0.1,0.152107,0.050454,2.172112,203.0606,58.1488,0.634778
861,104,0.1,0.156306,0.066205,2.347963,234.3987,58.3682,0.476657
862,104,0.1,0.171815,0.054353,2.219330,219.4713,60.1959,0.336345
863,104,0.1,0.130760,0.062879,2.241040,208.3194,54.5290,0.199132
864,104,0.1,0.130385,0.051384,2.229611,181.2855,56.3954,0.271368
865,104,0.1,0.184422,0.085362,2.303206,260.3443,56.6103,0.193778
866,104,0.1,0.164663,0.059317,2.299645,225.4507,57.2345,0.171272
867,104,0.1,0.177991,0.120856,2.378634,270.6197,55.1197,0.670502
868,104,0.1,0.106154,0.045952,2.183404,172.7371,51.9733,0.563408
869,104,0.1,0.114801,0.048138,2.111240,178.3667,56.8911,1.019509
870,104,0.1,0.146420,0.074110,2.299694,216.6914,57.5931,0.171579
871,104,0.1,0.166220,0.066587,2.347006,214.3049,58.9344,0.470608
872,104,0.1,0.113479,0.052950,2.133338,181.3343,55.9290,0.879839
873,104,0.1,0.105520,0.048237,2.037260,172.6494,55.8964,1.487080
874,104,0.1,0.167133,0.062062,2.325817,228.6138,57.9572,0.336683
875,104,0.1,0.192378,0.084181,2.477565,255.3337,56.2660,1.295776
876,104,0.1,0.133831,0.055366,2.166224,196.0470,55.4752,0.671988
877,104,0.1,0.163883,0.069730,2.331433,225.2426,56.9141,0.372176
878,104,0.1,0.131595,0.052768,2.179821,190.6309,56.7731,0.586055
879,104,0.1,0.154114,0.061593,2.262368,193.1099,56.7666,0.064333
880,104,0.1,0.171981,0.100031,2.494405,257.3284,58.9429,1.402209
881,104,0.1,0.165966,0.070469,2.404722,242.2404,58.4583,0.835385
882,104,0.1,0.140267,0.052489,2.245164,200.5123,56.8753,0.173065
883,104,0.1,0.122641,0.052712,2.097041,195.4446,54.9959,1.109250
884,104,0.1,0.132463,0.054356,2.128626,186.2755,55.1128,0.909621
885,104,0.1,0.142526,0.057445,2.271481,203.7806,56.4561,0.006735
886,104,0.1,0.109364,0.052140,2.020159,175.6583,56.3547,1.595165
887,104,0.1,0.098621,0.048751,2.118556,171.4920,58.3992,0.973266
888,104,0.1,0.175288,0.089991,2.277353,270.2783,55.8937,0.030376
889,104,0.1,0.131239,0.049484,2.039198,185.6791,59.3297,1.474834
890,104,0.1,0.175610,0.060498,2.419242,219.1250,54.5993,0.927159
891,104,0.1,0.205240,0.090087,2.514288,249.8797,59.5896,1.527879
892,104,0.1,0.128051,0.057206,2.073682,188.3213,62.4521,1.256887
893,104,0.1,0.117065,0.051034,2.157029,174.0213,57.0883,0.730106
894,104,0.1,0.156286,0.063713,2.342689,236.6214,59.1554,0.443319
895,104,0.1,0.126433,0.054434,2.070515,189.0903,55.7814,1.276902
896,104,0.1,0.195670,0.126045,2.398873,268.1335,58.4588,0.798419
897,104,0.1,0.112484,0.047643,2.192088,170.0382,60.6901,0.508525
898,104,0.1,0.156939,0.065060,2.316455,213.3898,57.2585,0.277511
899,104,0.1,0.128515,0.053105,2.163976,191.9926,53.6353,0.686199
900,104,0.1,0.181507,0.064427,2.346433,241.7388,55.9998,0.466981
901,104,0.2,0.122295,0.049748,2.177067,187.2286,56.8168,0.603463
902,104,0.2,0.228272,0.115686,2.465283,276.6305,59.5272,1.218153
903,104,0.2,0.080893,0.043359,2.243684,137.8916,53.6650,0.182421
904,104,0.2,0.061007,0.043060,2.230214,109.5824,52.3463,0.267553
905,104,0.2,0.056348,0.044978,2.336196,111.6708,54.4416,0.402284
906,104,0.2,0.174813,0.068086,2.414481,241.6218,57.3075,0.897067
907,104,0.2,0.176691,0.066504,2.385876,230.5511,55.2980,0.716277
908,104,0.2,0.118225,0.050110,2.179479,190.1793,54.4802,0.588215
909,104,0.2,0.075942,0.043983,2.196106,140.5542,52.8225,0.483126
910,104,0.2,0.090348,0.044810,2.165217,162.8535,55.4324,0.678355
911,104,0.2,0.125925,0.051602,2.152992,182.3784,55.3025,0.755620
912,104,0.2,0.111611,0.048563,2.095790,176.6000,56.6638,1.117153
913,104,0.2,0.152905,0.074346,2.256611,219.9323,58.2442,0.100719
914,104,0.2,0.085094,0.043743,2.078242,143.2454,52.4644,1.228064
915,104,0.2,0.088075,0.044878,2.208194,155.1978,53.8660,0.406729
916,104,0.2,0.185178,0.090560,2.313866,268.5754,61.6278,0.261153
917,104,0.2,0.163313,0.055662,2.353908,213.0938,55.2176,0.514228
918,104,0.2,0.182953,0.097808,2.322408,264.3606,54.9439,0.315140
919,104,0.2,0.225120,0.188836,2.766068,267.9853,52.4795,3.119205
920,104,0.2,0.195108,0.093687,2.344666,256.9191,56.2953,0.455817
921,104,0.2,0.170705,0.075608,2.417623,236.8828,57.6302,0.916927
922,104,0.2,0.109574,0.052283,2.103288,190.0445,56.6120,1.069768
923,104,0.2,0.120479,0.046683,2.176869,178.5670,58.2165,0.604712
924,104,0.2,0.143760,0.054758,2.202354,192.3011,58.2888,0.443637
925,104,0.2,0.187524,0.159368,2.372922,275.0839,58.6372,0.634402
926,104,0.2,0.175782,0.077129,2.352595,236.7167,58.4175,0.505929
927,104,0.2,0.182797,0.077530,2.359278,257.8188,58.2463,0.548167
928,104,0.2,0.224057,0.096747,2.511251,262.7544,58.5361,1.508685
929,104,0.2,0.184452,0.090656,2.388643,265.0775,59.5818,0.733766
930,104,0.2,0.109688,0.049546,2.095229,181.1980,55.1647,1.120699
931,104,0.2,0.175027,0.118614,2.370010,273.1315,56.4413,0.615997
932,104,0.2,0.170889,0.055323,2.294773,216.6411,60.7187,0.140475
933,104,0.2,0.175920,0.086889,2.250377,262.4044,56.9161,0.140116
934,104,0.2,0.214270,0.153109,2.290345,271.5382,60.6369,0.112488
935,104,0.2,0.094691,0.047604,2.013756,169.0073,57.2925,1.635637
936,104,0.2,0.213449,0.149622,2.331261,266.3908,54.6302,0.371094
937,104,0.2,0.176186,0.053952,2.347837,225.9163,54.1990,0.475860
938,104,0.2,0.140771,0.061575,2.166751,197.5641,58.3242,0.668658
939,104,0.2,0.084546,0.043473,2.128098,134.4545,49.7799,0.912959
940,104,0.2,0.114420,0.046047,2.072812,178.8521,59.1405,1.262387
941,104,0.2,0.123120,0.047694,2.180260,181.2212,54.1006,0.583280
942,104,0.2,0.148751,0.071466,2.410151,220.2257,57.7472,0.869699
943,104,0.2,0.176292,0.065804,2.343282,217.8359,54.8901,0.447070
944,104,0.2,0.091483,0.040403,2.149279,151.1722,54.9919,0.779091
945,104,0.2,0.085059,0.042367,2.179991,146.0442,52.3537,0.584978
946,104,0.2,0.069225,0.042953,2.189735,113.6918,58.2204,0.523394
947,104,0.2,0.063951,0.042702,2.172919,126.8304,55.3343,0.629677
948,104,0.2,0.112963,0.045192,2.209794,168.9416,57.3441,0.396615
949,104,0.2,0.167796,0.065502,2.324679,217.0382,56.5321,0.329492
950,104,0.2,0.124677,0.049118,2.165701,170.1616,54.5781,0.675298
951,104,0.2,0.127111,0.051764,2.142667,192.9582,57.9418,0.820881
952,104,0.2,0.165050,0.114579,2.540703,258.3874,57.0929,1.694827
953,104,0.2,0.167277,0.062222,2.410153,221.0614,60.4753,0.869712
954,104,0.2,0.161744,0.063806,2.338842,206.7052,57.5233,0.419004
955,104,0.2,0.199399,0.085499,2.430601,268.5848,55.9334,0.998952
956,104,0.2,0.195274,0.158650,2.437632,273.3803,57.8715,1.043390
957,104,0.2,0.059834,0.051830,2.293064,108.5186,61.2449,0.129678
958,104,0.2,0.075244,0.043616,2.301957,126.0198,57.0814,0.185882
959,104,0.2,0.127155,0.055444,2.170162,193.9965,58.0902,0.647104
960,104,0.2,0.145882,0.050294,2.211287,193.1072,58.3569,0.387177
961,104,0.2,0.159799,0.064549,2.366130,231.0891,58.5686,0.591475
962,104,0.2,0.114525,0.045270,2.117975,172.9295,56.0174,0.976937
963,104,0.2,0.145737,0.060494,2.291364,206.9943,56.9941,0.118930
964,104,0.2,0.174390,0.123265,2.544421,276.2727,57.5505,1.718325
965,104,0.2,0.143457,0.076713,2.291010,230.2009,56.5825,0.116695
966,104,0.2,0.130519,0.054785,2.212671,185.7052,57.0517,0.378432
967,104,0.2,0.169664,0.067171,2.324410,229.9914,59.8117,0.327792
968,104,0.2,0.161833,0.054480,2.330139,200.0382,56.0480,0.363999
969,104,0.2,0.108204,0.044629,2.120158,177.3586,56.6642,0.963145
970,104,0.2,0.098088,0.045524,2.115370,168.7959,52.0327,0.993404
971,104,0.2,0.214288,0.118195,2.440980,275.4069,57.4329,1.064551
972,104,0.2,0.097698,0.043437,2.054980,150.6437,53.5361,1.375088
973,104,0.2,0.090551,0.047042,2.161767,166.3354,53.1511,0.700161
974,104,0.2,0.220131,0.141526,2.216689,260.5482,54.7676,0.353038
975,104,0.2,0.180772,0.062833,2.389279,225.1130,59.7922,0.737786
976,104,0.2,0.054686,0.045667,2.336869,116.1288,57.2525,0.406534
977,104,0.2,0.143735,0.058262,2.276436,200.1587,57.7660,0.024580
978,104,0.2,0.200368,0.113662,2.377671,267.3692,55.1682,0.664414
979,104,0.2,0.150511,0.055840,2.331653,192.0842,58.1195,0.373571
980,104,0.2,0.130089,0.046723,2.180682,181.8063,54.2515,0.580612
981,104,0.2,0.106212,0.046067,2.141120,169.3596,55.9591,0.830655
982,104,0.2,0.141801,0.053372,2.220170,217.4076,58.7240,0.331034
983,104,0.2,0.160414,0.070785,2.317119,227.7173,59.5659,0.281708
984,104,0.2,0.091235,0.053714,2.132517,176.8660,54.7137,0.885029
985,104,0.2,0.152510,0.053713,2.248872,199.3242,56.5462,0.149631
986,104,0.2,0.153656,0.055627,2.327816,217.5109,57.6729,0.349320
987,104,0.2,0.129087,0.052031,2.191922,188.5771,58.7523,0.509573
988,104,0.2,0.104833,0.044829,2.194657,165.2334,55.2531,0.492284
989,104,0.2,0.102633,0.044345,2.143259,163.1521,56.7956,0.817137
990,104,0.2,0.113080,0.047985,2.098912,176.8794,54.9228,1.097423
991,104,0.2,0.131437,0.056512,2.254142,191.0151,60.7347,0.116322
992,104,0.2,0.097513,0.047384,2.009939,168.0631,51.3206,1.659760
993,104,0.2,0.174544,0.079729,2.403536,242.0151,59.5184,0.827895
994,104,0.2,0.167320,0.064311,2.325775,229.6024,57.4287,0.336419
995,104,0.2,0.097117,0.043219,2.127015,146.2541,52.1373,0.919807
996,104,0.2,0.113244,0.047623,2.143698,189.9094,56.4709,0.814363
997,104,0.2,0.191147,0.090749,2.357136,261.4766,59.0796,0.534627
998,104,0.2,0.160303,0.062000,2.319206,211.8288,57.1708,0.294902
999,104,0.2,0.254830,0.119795,2.440830,265.7807,59.6414,1.063602
1000,104,0.2,0.127359,0.050787,2.123389,194.9353,54.8962,0.942721
1001,105,0.1,0.120042,0.050853,2.182823,189.5699,57.4592,0.567079
1002,105,0.1,0.127058,0.049593,2.150568,184.7441,60.5130,0.770941
1003,105,0.1,0.189154,0.084457,2.309673,258.9675,57.3808,0.234647
1004,105,0.1,0.081409,0.044316,2.323453,146.1833,53.8978,0.321740
1005,105,0.1,0.155002,0.054325,2.288324,196.6404,56.0931,0.099714
1006,105,0.1,0.122699,0.049030,2.079557,199.4766,54.8480,1.219753
1007,105,0.1,0.123246,0.047453,2.110772,182.4930,61.1012,1.022466
1008,105,0.1,0.103433,0.046914,2.104051,177.6205,53.8473,1.064944
1009,105,0.1,0.148539,0.054114,2.248233,213.3053,59.1498,0.153669
1010,105,0.1,0.223691,0.122101,2.324685,278.6836,57.8640,0.329527
1011,105,0.1,0.141188,0.062355,2.219081,204.3787,56.6800,0.337919
1012,105,0.1,0.104798,0.046382,2.119393,173.7481,53.4966,0.967980
1013,105,0.1,0.121976,0.047755,2.109713,182.0533,58.1131,1.029161
1014,105,0.1,0.103463,0.049009,2.053028,182.5445,53.3572,1.387427
1015,105,0.1,0.154244,0.061282,2.309300,213.8868,60.4799,0.232291
1016,105,0.1,0.156983,0.056232,2.288229,213.5793,58.8730,0.099115
1017,105,0.1,0.184097,0.067653,2.365913,246.8378,56.3793,0.590104
1018,105,0.1,0.174736,0.067163,2.361473,238.1734,58.0556,0.562044
1019,105,0.1,0.162501,0.060347,2.353911,216.9901,59.8966,0.514250
1020,105,0.1,0.126050,0.048615,2.245551,187.4189,59.9192,0.170620
1021,105,0.1,0.144193,0.063754,2.278929,212.1435,61.7990,0.040337
1022,105,0.1,0.113142,0.050847,2.116025,184.0862,56.1570,0.989262
1023,105,0.1,0.109970,0.046112,2.109237,175.1448,57.0665,1.032168
1024,105,0.1,0.114258,0.045055,2.111717,166.4247,58.0318,1.016490
1025,105,0.1,0.138292,0.055155,2.218953,210.5924,58.4903,0.338729
1026,105,0.1,0.218641,0.118863,2.414416,264.6196,55.3083,0.896654
1027,105,0.1,0.150258,0.060502,2.312133,202.9929,56.1151,0.250194
1028,105,0.1,0.136116,0.047630,2.191649,190.0217,61.4032,0.511296
1029,105,0.1,0.136409,0.056945,2.237963,194.3236,56.5573,0.218579
1030,105,0.1,0.155822,0.057663,2.359823,206.9621,58.6081,0.551613
1031,105,0.1,0.191653,0.090760,2.394346,270.3455,56.3542,0.769806
1032,105,0.1,0.133263,0.058343,2.304142,188.3788,58.4619,0.199692
1033,105,0.1,0.150216,0.057595,2.333975,213.7410,57.2272,0.388244
1034,105,0.1,0.146798,0.068765,2.264342,222.7173,57.9016,0.051857
1035,105,0.1,0.178203,0.058664,2.416761,229.2309,57.8286,0.911481
1036,105,0.1,0.167662,0.078972,2.502543,237.4179,57.0116,1.453647
1037,105,0.1,0.173979,0.053496,2.374931,218.2240,57.1721,0.647102
1038,105,0.1,0.141155,0.062960,2.242479,199.9534,56.1479,0.190036
1039,105,0.1,0.151202,0.063811,2.244100,197.6344,54.1030,0.179794
1040,105,0.1,0.116268,0.046286,2.123029,172.8173,56.1320,0.944998
1041,105,0.1,0.165553,0.082143,2.204572,259.4513,58.2346,0.429620
1042,105,0.1,0.179982,0.071469,2.361625,248.6278,58.5717,0.563002
1043,105,0.1,0.161410,0.057648,2.273970,214.7120,60.5090,0.008994
1044,105,0.1,0.100736,0.045953,2.068380,156.1209,55.4889,1.290394
1045,105,0.1,0.132434,0.049917,2.225776,181.3965,56.0176,0.295607
1046,105,0.1,0.163853,0.054901,2.293083,206.8431,60.5143,0.129798
1047,105,0.1,0.167838,0.070616,2.426065,225.9732,56.3474,0.970282
1048,105,0.1,0.111163,0.048355,2.184373,178.2035,57.4929,0.557284
1049,105,0.1,0.174939,0.056485,2.399666,221.6905,58.6455,0.803432
1050,105,0.1,0.122656,0.047486,2.132075,171.8751,53.3496,0.887821
1051,105,0.1,0.171911,0.076083,2.444993,232.0996,55.2186,1.089909
1052,105,0.1,0.102669,0.048913,2.144363,188.0070,54.5861,0.810160
1053,105,0.1,0.136366,0.056701,2.230566,198.4132,57.7636,0.265328
1054,105,0.1,0.158649,0.060711,2.299989,216.6933,57.0774,0.173442
1055,105,0.1,0.168069,0.073238,2.344586,221.5733,58.3835,0.455311
1056,105,0.1,0.147263,0.055651,2.315115,196.4755,60.8500,0.269045
1057,105,0.1,0.117903,0.053695,2.123396,189.2109,55.6794,0.942675
1058,105,0.1,0.119792,0.047683,2.182457,181.4678,57.9129,0.569397
1059,105,0.1,0.108385,0.047325,2.069227,178.4386,54.1817,1.285040
1060,105,0.1,0.169626,0.063368,2.363483,225.9005,58.0586,0.574747
1061,105,0.1,0.140672,0.060485,2.243859,197.1034,55.4947,0.181315
1062,105,0.1,0.186862,0.107855,2.336595,276.6374,53.6009,0.404805
1063,105,0.1,0.118390,0.053631,2.150298,190.0836,56.8735,0.772647
1064,105,0.1,0.167358,0.058263,2.366038,226.0174,56.4557,0.590895
1065,105,0.1,0.158777,0.058025,2.303626,219.1118,59.3924,0.196429
1066,105,0.1,0.141061,0.057349,2.321264,196.1309,58.3808,0.307906
1067,105,0.1,0.120940,0.049079,2.063665,177.2995,58.9627,1.320193
1068,105,0.1,0.164642,0.053872,2.344349,207.2422,54.9101,0.453809
1069,105,0.1,0.115570,0.049013,2.055653,185.2286,57.9813,1.370836
1070,105,0.1,0.103532,0.050393,2.073575,171.5692,53.4910,1.257562
1071,105,0.1,0.132416,0.052730,2.213496,194.1431,55.9007,0.373216
1072,105,0.1,0.135715,0.054399,2.270981,210.1923,58.8811,0.009894
1073,105,0.1,0.107125,0.049463,2.038812,175.9283,55.3118,1.477273
1074,105,0.1,0.164122,0.062125,2.306831,221.7972,56.8579,0.216688
1075,105,0.1,0.123010,0.055349,2.168607,196.8547,58.0994,0.656930
1076,105,0.1,0.202953,0.109853,2.435357,273.6453,64.7686,1.029008
1077,105,0.1,0.139784,0.051034,2.223719,191.3293,58.8005,0.308606
1078,105,0.1,0.151770,0.052513,2.322016,212.9064,62.0262,0.312661
1079,105,0.1,0.112460,0.048664,2.054676,172.2652,51.6903,1.377007
1080,105,0.1,0.153379,0.054115,2.193049,206.7244,58.9568,0.502453
1081,105,0.1,0.163972,0.053440,2.348471,207.7430,61.2762,0.479861
1082,105,0.1,0.142948,0.056694,2.271964,196.9695,58.6873,0.003683
1083,105,0.1,0.181379,0.084318,2.409142,251.6532,57.1063,0.863320
1084,105,0.1,0.148766,0.057295,2.377209,192.5403,57.6966,0.661498
1085,105,0.1,0.129129,0.052557,2.164530,200.8457,60.0513,0.682698
1086,105,0.1,0.146810,0.055386,2.310469,203.8097,57.5109,0.239683
1087,105,0.1,0.148510,0.056634,2.302720,196.6982,61.0555,0.190704
1088,105,0.1,0.136113,0.049331,2.156951,192.2975,57.0597,0.730597
1089,105,0.1,0.156163,0.063027,2.375662,216.4404,57.4707,0.651719
1090,105,0.1,0.137625,0.058000,2.184703,193.1779,57.8738,0.555196
1091,105,0.1,0.143170,0.055569,2.235684,195.6019,58.4644,0.232984
1092,105,0.1,0.221998,0.143337,2.320870,267.5690,53.3707,0.305416
1093,105,0.1,0.132557,0.062087,2.230923,197.7397,57.7061,0.263072
1094,105,0.1,0.155898,0.063673,2.336170,237.7632,56.7608,0.402115
1095,105,0.1,0.151487,0.053196,2.267037,195.8719,58.7979,0.034824
1096,105,0.1,0.107847,0.045017,2.094012,167.9315,55.4480,1.128392
1097,105,0.1,0.090699,0.045840,1.992542,162.9721,52.1098,1.769716
1098,105,0.1,0.188070,0.083493,2.353206,265.2026,57.3485,0.509791
1099,105,0.1,0.129095,0.066765,2.281947,215.5229,57.7800,0.059415
1100,105,0.1,0.159260,0.053729,2.340118,200.2196,59.1769,0.427071
1101,105,0.2,0.183908,0.067745,2.459295,237.9804,56.6331,1.180307
1102,105,0.2,0.238783,0.127726,2.354306,268.7711,56.5504,0.516741
1103,105,0.2,0.080459,0.042318,2.214871,133.9030,50.3782,0.364528
1104,105,0.2,0.096419,0.048672,2.237196,159.2993,58.4739,0.223426
1105,105,0.2,0.191427,0.176105,2.493448,276.5161,55.6391,1.396161
1106,105,0.2,0.167209,0.088954,2.319043,261.4640,55.1441,0.293870
1107,105,0.2,0.166952,0.053075,2.335096,214.1928,62.5799,0.395327
1108,105,0.2,0.095512,0.042407,2.062791,155.7251,53.9200,1.325721
1109,105,0.2,0.140288,0.055335,2.282092,197.2447,57.0171,0.060331
1110,105,0.2,0.107128,0.045522,2.233824,166.6983,57.8107,0.244742
1111,105,0.2,0.189192,0.101152,2.295570,272.3562,52.6719,0.145516
1112,105,0.2,0.116696,0.048532,2.126038,177.1619,51.8505,0.925979
1113,105,0.2,0.108762,0.049333,2.118076,168.4526,54.7965,0.976301
1114,105,0.2,0.206355,0.159247,2.240026,273.7554,55.8438,0.205539
1115,105,0.2,0.138678,0.052050,2.193452,187.6110,57.5128,0.499905
1116,105,0.2,0.057980,0.044024,2.320244,115.7548,52.6636,0.301461
1117,105,0.2,0.084427,0.042872,2.191203,140.4740,52.6627,0.514116
1118,105,0.2,0.100058,0.049290,2.086467,170.8940,55.0547,1.176077
1119,105,0.2,0.187248,0.094922,2.305997,259.8115,58.0363,0.211413
1120,105,0.2,0.138595,0.053828,2.232139,192.2904,60.2968,0.255389
1121,105,0.2,0.201301,0.163210,2.413862,274.8015,58.0107,0.893157
1122,105,0.2,0.167986,0.063922,2.336019,231.4350,56.2989,0.401162
1123,105,0.2,0.163402,0.060058,2.348085,220.6359,59.1617,0.477427
1124,105,0.2,0.102525,0.045384,2.042196,158.5207,56.3734,1.455888
1125,105,0.2,0.107223,0.050382,2.122189,188.0077,58.2950,0.950307
1126,105,0.2,0.104291,0.048694,2.066417,179.2593,56.6081,1.302804
1127,105,0.2,0.143683,0.052462,2.084793,197.3187,60.5599,1.186659
1128,105,0.2,0.089480,0.043388,2.120865,156.8607,53.0726,0.958673
1129,105,0.2,0.193388,0.104324,2.419704,269.7974,57.8481,0.930080
1130,105,0.2,0.163603,0.058453,2.302994,221.0932,57.9953,0.192435
1131,105,0.2,0.183355,0.088965,2.423048,279.0986,56.0686,0.951214
1132,105,0.2,0.123851,0.050208,2.153233,184.4630,59.2399,0.754098
1133,105,0.2,0.122686,0.064312,2.260747,197.8050,55.3931,0.074580
1134,105,0.2,0.225409,0.118952,2.464807,261.6949,62.0311,1.215145
1135,105,0.2,0.181618,0.076957,2.528462,242.6344,58.6746,1.617461
1136,105,0.2,0.211069,0.100481,2.438934,265.3651,61.0821,1.051619
1137,105,0.2,0.120747,0.054668,2.244755,168.0264,59.5510,0.175653
1138,105,0.2,0.177684,0.073715,2.386331,231.9929,55.8334,0.719150
1139,105,0.2,0.191523,0.088690,2.413803,263.5196,55.6021,0.892781
1140,105,0.2,0.156635,0.067048,2.402803,244.9694,56.9796,0.823257
1141,105,0.2,0.094695,0.045011,2.133180,151.6149,52.8478,0.880840
1142,105,0.2,0.056966,0.044039,2.405677,113.2048,56.8523,0.841426
1143,105,0.2,0.153715,0.061342,2.360160,208.5136,59.3080,0.553739
1144,105,0.2,0.091049,0.046878,2.152558,155.5117,53.7980,0.758362
1145,105,0.2,0.145544,0.054390,2.261187,192.9851,58.5110,0.071796
1146,105,0.2,0.177776,0.073324,2.360242,240.5391,57.2551,0.554260
1147,105,0.2,0.108464,0.045188,2.134273,171.6583,57.0393,0.873933
1148,105,0.2,0.092124,0.045688,2.100215,146.4352,54.8035,1.089186
1149,105,0.2,0.198581,0.088018,2.418039,258.9881,55.8725,0.919557
1150,105,0.2,0.137827,0.059261,2.251340,187.6125,54.8008,0.134035
1151,105,0.2,0.186591,0.175454,2.419832,273.8837,57.0184,0.930890
1152,105,0.2,0.171912,0.069012,2.349692,231.0367,55.9190,0.487581
1153,105,0.2,0.142427,0.062140,2.285513,217.1765,58.5591,0.081949
1154,105,0.2,0.133181,0.052117,2.219084,194.6662,60.3134,0.337901
1155,105,0.2,0.174757,0.104754,2.527724,265.4438,54.9955,1.612798
1156,105,0.2,0.066459,0.044767,2.281701,125.1498,51.6799,0.057859
1157,105,0.2,0.181152,0.069001,2.421950,260.8179,57.5205,0.944275
1158,105,0.2,0.185542,0.103133,2.386898,272.6580,57.4338,0.722735
1159,105,0.2,0.175695,0.108913,2.435306,270.8326,54.1466,1.028691
1160,105,0.2,0.175459,0.118515,2.370413,277.1141,55.4688,0.618544
1161,105,0.2,0.171181,0.109864,2.445967,255.3992,56.2102,1.096069
1162,105,0.2,0.148602,0.056277,2.282050,208.2046,56.6740,0.060062
1163,105,0.2,0.078907,0.042797,2.223297,144.8143,50.7527,0.311274
1164,105,0.2,0.151279,0.056285,2.223748,206.0675,57.8446,0.308421
1165,105,0.2,0.122874,0.057317,2.180686,203.3265,60.9929,0.580584
1166,105,0.2,0.185399,0.063285,2.319441,230.3150,60.4794,0.296385
1167,105,0.2,0.175853,0.089930,2.426386,257.3599,58.4869,0.972309
1168,105,0.2,0.161597,0.078711,2.245935,238.7820,57.9182,0.168195
1169,105,0.2,0.172106,0.078706,2.401875,248.0882,57.4716,0.817392
1170,105,0.2,0.076090,0.041478,2.244156,130.3056,50.8303,0.179435
1171,105,0.2,0.146908,0.057284,2.241200,212.7032,56.7901,0.198120
1172,105,0.2,0.100100,0.047776,2.105279,165.2806,53.7034,1.057183
1173,105,0.2,0.175793,0.065702,2.428919,227.9382,59.2256,0.988320
1174,105,0.2,0.082079,0.044405,2.152393,125.3061,54.4199,0.759408
1175,105,0.2,0.111702,0.055313,2.076053,186.5815,58.0958,1.241901
1176,105,0.2,0.143125,0.075545,2.310820,218.2337,59.0386,0.241897
1177,105,0.2,0.129711,0.050850,2.164977,185.2224,56.2363,0.679870
1178,105,0.2,0.136218,0.053818,2.272463,189.9580,61.7134,0.000527
1179,105,0.2,0.230029,0.118390,2.263808,270.1317,55.8721,0.055234
1180,105,0.2,0.128102,0.049282,2.184850,179.5870,55.2651,0.554267
1181,105,0.2,0.173999,0.078543,2.423604,247.0338,59.8888,0.954730
1182,105,0.2,0.247989,0.110849,2.566393,267.1132,63.8109,1.857194
1183,105,0.2,0.107843,0.043594,2.078068,164.7851,53.2120,1.229167
1184,105,0.2,0.221821,0.133443,2.391455,265.3660,54.6368,0.751536
1185,105,0.2,0.062108,0.044939,2.301496,114.6556,57.1673,0.182968
1186,105,0.2,0.214768,0.161057,2.656305,266.7161,59.6928,2.425466
1187,105,0.2,0.171502,0.066215,2.500590,223.7256,61.1352,1.441303
1188,105,0.2,0.172469,0.081037,2.372768,259.9526,57.5614,0.633426
1189,105,0.2,0.216327,0.101316,2.454026,263.2574,55.5602,1.147005
1190,105,0.2,0.194261,0.100656,2.437522,256.2705,56.4743,1.042691
1191,105,0.2,0.162213,0.060314,2.336290,214.8549,58.8805,0.402877
1192,105,0.2,0.230997,0.108198,2.332472,271.0123,55.4005,0.378747
1193,105,0.2,0.059586,0.044756,2.279809,106.2275,60.1585,0.045902
1194,105,0.2,0.192285,0.114990,2.456342,274.9594,59.9405,1.161644
1195,105,0.2,0.147755,0.061830,2.321966,191.4325,55.2537,0.312347
1196,105,0.2,0.090000,0.045532,2.138446,152.5892,55.1179,0.847554
1197,105,0.2,0.167970,0.065337,2.378230,206.4287,63.6485,0.667949
1198,105,0.2,0.166239,0.063549,2.308337,216.5971,57.0366,0.226208
1199,105,0.2,0.064814,0.044939,2.323358,120.4390,54.5279,0.321140
1200,105,0.2,0.249176,0.123126,2.505697,264.1667,56.4074,1.473582
1201,106,0.1,0.093336,0.044228,2.116671,164.1396,54.1069,0.985183
1202,106,0.1,0.190980,0.079653,2.376623,256.7486,56.9813,0.657790
1203,106,0.1,0.149999,0.052340,2.307258,197.5825,55.9563,0.219386
1204,106,0.1,0.147568,0.060330,2.314342,209.5179,58.4341,0.264161
1205,106,0.1,0.185155,0.102634,2.315289,272.6526,57.3186,0.270144
1206,106,0.1,0.175178,0.111587,2.375441,274.2496,53.6920,0.650321
1207,106,0.1,0.179614,0.063266,2.391548,228.6342,60.9486,0.752127
1208,106,0.1,0.186391,0.086929,2.387384,255.9527,54.3557,0.725807
1209,106,0.1,0.131813,0.053223,2.179407,185.2805,54.6678,0.588672
1210,106,0.1,0.128212,0.045672,2.216373,188.4594,58.9768,0.355034
1211,106,0.1,0.163100,0.068896,2.355425,240.6915,59.1772,0.523815
1212,106,0.1,0.192876,0.098369,2.373626,259.5376,56.0900,0.638853
1213,106,0.1,0.097053,0.046638,2.048247,167.6532,52.3032,1.417642
1214,106,0.1,0.127565,0.051535,2.091129,195.6048,55.8857,1.146614
1215,106,0.1,0.138128,0.052355,2.250271,190.5774,59.9183,0.140791
1216,106,0.1,0.079975,0.042049,2.178692,137.3761,53.1072,0.593191
1217,106,0.1,0.162857,0.054724,2.374860,211.8861,58.4043,0.646654
1218,106,0.1,0.167708,0.105295,2.293127,275.6784,52.9817,0.130074
1219,106,0.1,0.144414,0.056208,2.255345,186.5663,57.2887,0.108717
1220,106,0.1,0.111909,0.052485,2.152467,183.8134,57.6476,0.758940
1221,106,0.1,0.135787,0.054726,2.284616,193.2296,59.1922,0.076280
1222,106,0.1,0.162329,0.060377,2.358169,211.1998,61.0911,0.541160
1223,106,0.1,0.134437,0.056205,2.198079,187.1445,56.3361,0.470657
1224,106,0.1,0.149520,0.054688,2.242466,192.9996,57.4107,0.190117
1225,106,0.1,0.190781,0.082713,2.433991,253.3182,59.4577,1.020379
1226,106,0.1,0.178598,0.087964,2.304538,259.6850,56.8579,0.202197
1227,106,0.1,0.152745,0.059359,2.339085,206.5876,55.7538,0.420540
1228,106,0.1,0.169290,0.062826,2.380911,220.8678,56.0558,0.684895
1229,106,0.1,0.119059,0.054255,2.200307,181.5929,58.0996,0.456575
1230,106,0.1,0.123010,0.057542,2.087103,207.5562,61.2668,1.172057
1231,106,0.1,0.134918,0.060372,2.208652,206.7843,57.0220,0.403833
1232,106,0.1,0.142548,0.053673,2.230765,189.6160,58.5788,0.264073
1233,106,0.1,0.093936,0.043867,2.110229,155.1332,55.4085,1.025896
1234,106,0.1,0.129643,0.051249,2.220353,191.1330,57.4855,0.329879
1235,106,0.1,0.124342,0.050066,2.149350,186.3361,55.2237,0.778638
1236,106,0.1,0.178778,0.086221,2.349264,248.4565,54.1317,0.484879
1237,106,0.1,0.190235,0.077076,2.454706,243.7438,55.8463,1.151300
1238,106,0.1,0.144218,0.056111,2.202112,189.7204,59.6946,0.445170
1239,106,0.1,0.127169,0.050597,2.200144,177.8491,53.3485,0.457606
1240,106,0.1,0.169897,0.065815,2.374458,237.7622,55.7668,0.644111
1241,106,0.1,0.189873,0.102747,2.392859,262.6267,56.3456,0.760413
1242,106,0.1,0.138793,0.055005,2.254643,199.8181,64.1889,0.113155
1243,106,0.1,0.158060,0.051977,2.309664,212.2022,59.5185,0.234593
1244,106,0.1,0.105944,0.045004,2.147232,163.0604,57.4427,0.792025
1245,106,0.1,0.136801,0.054995,2.198760,187.6168,58.1188,0.466357
1246,106,0.1,0.139073,0.055649,2.289252,192.9535,56.5386,0.105581
1247,106,0.1,0.166148,0.055398,2.320825,223.9112,59.9586,0.305133
1248,106,0.1,0.179703,0.107860,2.438967,272.5741,59.2459,1.051824
1249,106,0.1,0.112208,0.046188,2.099185,173.7133,55.7372,1.095701
1250,106,0.1,0.154278,0.061765,2.281520,218.9519,54.3799,0.056713
1251,106,0.1,0.178519,0.094004,2.397331,263.8374,55.7708,0.788674
1252,106,0.1,0.180447,0.106470,2.252182,277.9612,57.9505,0.128710
1253,106,0.1,0.143459,0.058303,2.253473,204.1473,58.5159,0.120549
1254,106,0.1,0.198820,0.083544,2.370026,258.2076,57.6603,0.616101
1255,106,0.1,0.153120,0.071893,2.374932,206.5589,56.6198,0.647105
1256,106,0.1,0.087311,0.047185,2.153230,148.7174,55.3553,0.754120
1257,106,0.1,0.138759,0.060217,2.263558,202.0476,56.8735,0.056814
1258,106,0.1,0.127953,0.067382,2.227486,211.5445,60.4906,0.284799
1259,106,0.1,0.138167,0.051172,2.211264,190.5189,56.0805,0.387327
1260,106,0.1,0.156404,0.056791,2.319825,212.0469,59.7699,0.298813
1261,106,0.1,0.130982,0.055284,2.122089,197.4703,57.3327,0.950940
1262,106,0.1,0.168363,0.063789,2.397996,211.5026,59.4416,0.792876
1263,106,0.1,0.128439,0.050548,2.233745,183.6250,57.9953,0.245242
1264,106,0.1,0.146779,0.056513,2.240394,199.9334,58.5337,0.203214
1265,106,0.1,0.163131,0.054351,2.268297,222.9039,58.6421,0.026857
1266,106,0.1,0.140701,0.059024,2.298298,195.5010,58.8510,0.162754
1267,106,0.1,0.155773,0.058900,2.351462,205.5369,60.7774,0.498769
1268,106,0.1,0.106897,0.047661,2.090511,181.0623,55.2617,1.150519
1269,106,0.1,0.116048,0.046698,2.122014,174.4392,56.9503,0.951409
1270,106,0.1,0.132094,0.051707,2.176215,189.1509,56.2021,0.608845
1271,106,0.1,0.115122,0.044519,2.162476,170.5737,53.3444,0.695683
1272,106,0.1,0.172508,0.068046,2.297733,232.2322,57.8257,0.159184
1273,106,0.1,0.141313,0.056743,2.156069,201.1550,60.4976,0.736173
1274,106,0.1,0.116316,0.053922,2.097567,176.4934,52.0271,1.105926
1275,106,0.1,0.193398,0.087114,2.466659,260.5581,58.0995,1.226846
1276,106,0.1,0.146652,0.062458,2.316717,204.4912,59.6315,0.279168
1277,106,0.1,0.124819,0.055958,2.171487,191.5802,54.2336,0.638726
1278,106,0.1,0.129113,0.051757,2.104905,189.9985,55.8303,1.059546
1279,106,0.1,0.119558,0.052695,2.170114,183.2080,59.0709,0.647408
1280,106,0.1,0.129536,0.049219,2.262664,187.7407,59.3916,0.062460
1281,106,0.1,0.159766,0.073500,2.419489,228.2148,59.6284,0.928719
1282,106,0.1,0.159237,0.071032,2.346019,212.5599,58.7462,0.464366
1283,106,0.1,0.085171,0.041762,2.087702,145.6381,56.1310,1.168276
1284,106,0.1,0.188189,0.079226,2.371643,238.1603,58.5205,0.626316
1285,106,0.1,0.120113,0.058978,2.156493,200.2106,57.9571,0.733494
1286,106,0.1,0.187898,0.087236,2.397182,250.2744,58.3942,0.787733
1287,106,0.1,0.129692,0.052967,2.257927,190.3723,61.9594,0.092404
1288,106,0.1,0.130942,0.057305,2.183593,187.3153,57.9584,0.562215
1289,106,0.1,0.160059,0.061396,2.372917,220.7490,58.9346,0.634373
1290,106,0.1,0.186360,0.103303,2.454139,263.9416,55.6410,1.147718
1291,106,0.1,0.118966,0.047718,2.123887,186.4886,56.8859,0.939577
1292,106,0.1,0.166834,0.079721,2.496180,231.0075,60.0373,1.413431
1293,106,0.1,0.134293,0.058673,2.203399,203.2063,58.1198,0.437034
1294,106,0.1,0.154763,0.058889,2.378870,211.0797,58.3729,0.671995
1295,106,0.1,0.162434,0.070278,2.272188,224.1198,59.2869,0.002267
1296,106,0.1,0.176278,0.067647,2.327522,244.1574,57.7192,0.347457
1297,106,0.1,0.135574,0.051582,2.211259,181.0236,57.2403,0.387358
1298,106,0.1,0.168129,0.069746,2.394328,231.5260,56.4590,0.769697
1299,106,0.1,0.176289,0.074421,2.332959,244.5093,57.2176,0.381823
1300,106,0.1,0.193638,0.074539,2.439091,244.4527,55.2337,1.052608
1301,106,0.2,0.130433,0.052707,2.237407,194.9193,59.5104,0.222097
1302,106,0.2,0.124151,0.053660,2.179844,182.9842,58.8295,0.585909
1303,106,0.2,0.184067,0.099826,2.308286,272.8241,55.4091,0.225882
1304,106,0.2,0.195590,0.106453,2.391817,266.2284,55.7833,0.753822
1305,106,0.2,0.100167,0.047659,2.166749,171.1388,54.8635,0.668675
1306,106,0.2,0.122152,0.049420,2.157539,183.9282,54.8532,0.726885
1307,106,0.2,0.118685,0.047332,2.137224,187.1855,57.6809,0.855278
1308,106,0.2,0.139152,0.050789,2.205912,198.5313,56.4517,0.421154
1309,106,0.2,0.084740,0.042834,2.145578,144.8466,51.9346,0.802478
1310,106,0.2,0.125634,0.047199,2.214193,182.9119,56.7314,0.368815
1311,106,0.2,0.091011,0.046346,2.091828,162.4330,56.8018,1.142194
1312,106,0.2,0.204206,0.202075,2.637585,273.9931,54.9569,2.307153
1313,106,0.2,0.097720,0.047806,2.052949,176.0589,55.8771,1.387923
1314,106,0.2,0.176028,0.100467,2.321713,266.3197,58.3187,0.310744
1315,106,0.2,0.208861,0.104794,2.308674,260.0408,56.5550,0.228337
1316,106,0.2,0.175782,0.070735,2.350240,235.6199,55.3256,0.491042
1317,106,0.2,0.254743,0.130658,2.443473,267.6831,57.2239,1.080307
1318,106,0.2,0.098833,0.047265,2.103443,169.0156,54.6527,1.068788
1319,106,0.2,0.208668,0.170517,2.460258,274.2405,57.8412,1.186389
1320,106,0.2,0.098461,0.043146,2.178252,153.0712,52.2444,0.595972
1321,106,0.2,0.079710,0.043784,2.159092,130.2820,54.3631,0.717071
1322,106,0.2,0.125245,0.053483,2.151347,190.0972,55.7069,0.766018
1323,106,0.2,0.090110,0.042003,2.098721,140.2682,56.7637,1.098632
1324,106,0.2,0.139479,0.053784,2.276388,196.1938,60.8356,0.024279
1325,106,0.2,0.252603,0.122263,2.445584,269.9322,58.4365,1.093646
1326,106,0.2,0.094681,0.044413,2.122544,161.0908,56.1614,0.948065
1327,106,0.2,0.154205,0.065504,2.385831,204.7273,58.1487,0.715992
1328,106,0.2,0.187385,0.081015,2.475989,259.8718,51.3006,1.285816
1329,106,0.2,0.178152,0.057635,2.417441,211.6475,59.2129,0.915775
1330,106,0.2,0.126463,0.052520,2.172329,187.6192,60.2455,0.633406
1331,106,0.2,0.169529,0.071083,2.342368,247.5521,52.6745,0.441291
1332,106,0.2,0.057060,0.044905,2.348625,110.0984,50.1760,0.480839
1333,106,0.2,0.185809,0.103897,2.413428,264.2240,58.3106,0.890410
1334,106,0.2,0.106781,0.047733,2.162926,174.7863,56.0050,0.692837
1335,106,0.2,0.111884,0.048371,2.152771,169.8166,57.6775,0.757016
1336,106,0.2,0.135462,0.055473,2.192049,190.8817,54.7571,0.508772
1337,106,0.2,0.066109,0.044351,2.236365,113.4016,52.0438,0.228678
1338,106,0.2,0.131078,0.050272,2.178123,175.1911,60.2534,0.596789
1339,106,0.2,0.198716,0.121636,2.314202,273.4447,54.0866,0.263276
1340,106,0.2,0.204922,0.174255,2.458794,273.6683,56.9560,1.177139
1341,106,0.2,0.092955,0.042608,2.134025,142.5410,53.7747,0.875499
1342,106,0.2,0.187465,0.174874,2.374780,276.8834,57.4440,0.646145
1343,106,0.2,0.215539,0.123949,2.384190,283.9933,55.9417,0.705622
1344,106,0.2,0.135019,0.047335,2.210529,197.7959,58.7614,0.391968
1345,106,0.2,0.128542,0.050158,2.199810,174.4086,53.9691,0.459718
1346,106,0.2,0.158191,0.111035,2.422760,276.1924,58.4665,0.949391
1347,106,0.2,0.189749,0.124124,2.412627,264.2922,55.2916,0.885351
1348,106,0.2,0.186723,0.171505,2.477454,275.8671,60.6356,1.295077
1349,106,0.2,0.105951,0.050098,2.118800,176.5302,52.9284,0.971722
1350,106,0.2,0.087093,0.044881,2.112226,143.3964,49.2450,1.013275
1351,106,0.2,0.153178,0.059199,2.320187,210.0398,54.5304,0.301098
1352,106,0.2,0.179907,0.070232,2.353951,238.6733,60.1810,0.514500
1353,106,0.2,0.145827,0.059467,2.323014,214.9527,57.0124,0.318970
1354,106,0.2,0.177885,0.177355,2.536198,281.5165,54.2060,1.666356
1355,106,0.2,0.184009,0.081148,2.435485,252.7386,56.6914,1.029817
1356,106,0.2,0.104383,0.048457,2.085587,157.0151,56.9899,1.181644
1357,106,0.2,0.164888,0.062093,2.238388,237.8616,57.3310,0.215895
1358,106,0.2,0.139292,0.051834,2.278494,197.6807,57.0587,0.037586
1359,106,0.2,0.143024,0.056737,2.263031,195.2499,55.3703,0.060144
1360,106,0.2,0.058087,0.051258,2.344628,103.3948,56.9726,0.455576
1361,106,0.2,0.183529,0.080815,2.323413,260.0932,57.5218,0.321490
1362,106,0.2,0.149276,0.056069,2.220060,213.7032,57.1546,0.331731
1363,106,0.2,0.179278,0.086700,2.294558,253.6842,54.5303,0.139116
1364,106,0.2,0.102568,0.047685,2.128352,172.1471,54.1506,0.911353
1365,106,0.2,0.062521,0.043721,2.331992,116.0834,55.6115,0.375715
1366,106,0.2,0.180117,0.063431,2.329401,238.3476,61.6736,0.359337
1367,106,0.2,0.122439,0.047259,2.034373,178.1594,59.9844,1.505329
1368,106,0.2,0.242138,0.118487,2.414991,264.6967,57.2480,0.900293
1369,106,0.2,0.060589,0.046817,2.338810,113.7151,64.0282,0.418802
1370,106,0.2,0.166428,0.068537,2.327742,211.5950,58.1687,0.348848
1371,106,0.2,0.267143,0.218774,2.904758,251.3271,53.5561,3.995766
1372,106,0.2,0.230997,0.105378,2.471598,269.2862,59.1481,1.258065
1373,106,0.2,0.229421,0.142093,2.355969,270.0193,59.6285,0.527252
1374,106,0.2,0.167335,0.060089,2.352632,221.7034,57.1714,0.506161
1375,106,0.2,0.190596,0.088800,2.458675,266.7770,56.5247,1.176386
1376,106,0.2,0.168483,0.073423,2.406774,228.7606,60.4021,0.848356
1377,106,0.2,0.188610,0.112207,2.334251,270.3956,54.9330,0.389989
1378,106,0.2,0.123201,0.050559,2.091591,184.0329,55.9850,1.143692
1379,106,0.2,0.186364,0.060400,2.475009,232.9894,57.8771,1.279621
1380,106,0.2,0.060302,0.045094,2.260197,113.5919,62.3301,0.078055
1381,106,0.2,0.123969,0.048508,2.227262,179.5785,57.4414,0.286211
1382,106,0.2,0.258337,0.121812,2.519786,275.5131,65.0588,1.562628
1383,106,0.2,0.169386,0.087906,2.302135,256.6499,56.6676,0.187009
1384,106,0.2,0.160687,0.063427,2.378395,206.0133,58.6649,0.668994
1385,106,0.2,0.177282,0.099455,2.440716,278.9659,60.4632,1.062882
1386,106,0.2,0.160147,0.059916,2.353931,215.5741,56.0041,0.514373
1387,106,0.2,0.141013,0.051977,2.208782,201.1831,58.9579,0.403015
1388,106,0.2,0.178201,0.070745,2.366692,245.3218,58.2158,0.595024
1389,106,0.2,0.102664,0.046111,2.115427,168.6853,57.3430,0.993041
1390,106,0.2,0.264353,0.110395,2.549643,257.7227,53.3723,1.751329
1391,106,0.2,0.111297,0.046342,2.167300,169.0317,58.2211,0.665189
1392,106,0.2,0.110113,0.050580,2.063720,173.6482,53.1874,1.319849
1393,106,0.2,0.083581,0.043934,2.099264,142.5128,54.5953,1.095200
1394,106,0.2,0.170298,0.068186,2.297399,232.0758,57.4219,0.157071
1395,106,0.2,0.194466,0.120408,2.305937,274.2222,60.3741,0.211038
1396,106,0.2,0.186026,0.072746,2.381865,253.9348,57.9026,0.690925
1397,106,0.2,0.101580,0.047916,2.027038,168.0417,55.0056,1.551690
1398,106,0.2,0.182005,0.076895,2.421072,247.2479,59.3885,0.938723
1399,106,0.2,0.153134,0.067159,2.309427,227.6117,60.4268,0.233095
1400,106,0.2,0.104250,0.049447,2.105036,175.8685,55.9807,1.058716
1401,107,0.1,0.079112,0.042224,2.128608,127.9434,54.6739,0.909737
1402,107,0.1,0.179072,0.071006,2.482622,237.5856,58.7224,1.327741
1403,107,0.1,0.164316,0.056728,2.370974,212.7351,57.4629,0.622088
1404,107,0.1,0.103084,0.045369,2.161341,162.2194,58.4314,0.702856
1405,107,0.1,0.132748,0.053924,2.199597,193.3403,54.3155,0.461067
1406,107,0.1,0.140602,0.052513,2.194262,199.8961,56.1012,0.494785
1407,107,0.1,0.135157,0.049708,2.123882,198.5038,58.2762,0.939609
1408,107,0.1,0.107866,0.052625,2.119717,189.4492,54.4372,0.965933
1409,107,0.1,0.118535,0.049933,2.141620,183.6510,56.3816,0.827496
1410,107,0.1,0.166366,0.061658,2.358701,223.1181,56.1895,0.544522
1411,107,0.1,0.189157,0.085761,2.264745,259.6156,56.9323,0.049307
1412,107,0.1,0.162018,0.060154,2.308991,219.3746,53.8905,0.230336
1413,107,0.1,0.148632,0.075981,2.407889,218.1461,57.5420,0.855407
1414,107,0.1,0.130665,0.055212,2.098212,208.4353,56.6880,1.101848
1415,107,0.1,0.148832,0.053703,2.283469,191.9324,57.0507,0.069033
1416,107,0.1,0.113215,0.047240,2.088735,172.9574,55.9053,1.161746
1417,107,0.1,0.187064,0.079759,2.469654,230.0405,56.4104,1.245776
1418,107,0.1,0.178585,0.086662,2.423168,261.5089,54.4340,0.951975
1419,107,0.1,0.106031,0.047021,2.109461,165.3305,54.1905,1.030750
1420,107,0.1,0.172874,0.062363,2.352685,233.7447,58.8271,0.506501
1421,107,0.1,0.102810,0.045379,2.088242,170.6920,49.2394,1.164859
1422,107,0.1,0.162552,0.057043,2.346759,214.0267,58.9143,0.469042
1423,107,0.1,0.131226,0.050933,2.191219,188.2256,57.6027,0.514014
1424,107,0.1,0.143809,0.054506,2.192572,191.2516,58.9434,0.505465
1425,107,0.1,0.137909,0.057274,2.223633,217.0617,59.2234,0.309146
1426,107,0.1,0.156253,0.055356,2.346354,207.4507,57.1314,0.466481
1427,107,0.1,0.134079,0.064904,2.224150,206.7491,57.5803,0.305881
1428,107,0.1,0.124792,0.054383,2.082678,184.0911,54.0100,1.200027
1429,107,0.1,0.191454,0.076963,2.397323,255.0528,57.3482,0.788625
1430,107,0.1,0.126783,0.056246,2.139810,197.2564,61.7196,0.838935
1431,107,0.1,0.137440,0.053912,2.222329,186.4973,56.0825,0.317389
1432,107,0.1,0.176790,0.086377,2.322029,268.4148,59.2755,0.312746
1433,107,0.1,0.172262,0.096615,2.307952,277.3690,55.1419,0.223771
1434,107,0.1,0.236776,0.097323,2.476246,270.6641,61.5045,1.287440
1435,107,0.1,0.161473,0.056101,2.292700,223.2306,56.2591,0.127376
1436,107,0.1,0.181178,0.085555,2.320667,248.8454,56.3194,0.304138
1437,107,0.1,0.168505,0.053508,2.334671,214.5948,58.0289,0.392643
1438,107,0.1,0.156847,0.062832,2.318537,200.0390,60.5849,0.290674
1439,107,0.1,0.154203,0.062051,2.287153,198.0136,56.0616,0.092317
1440,107,0.1,0.217066,0.107976,2.499009,273.3314,57.2223,1.431310
1441,107,0.1,0.134389,0.052313,2.135294,195.0034,57.2576,0.867481
1442,107,0.1,0.158001,0.071872,2.359312,245.7753,59.5189,0.548384
1443,107,0.1,0.191924,0.111722,2.379182,275.5846,56.0332,0.673968
1444,107,0.1,0.096353,0.045226,2.118627,153.7875,54.1107,0.972816
1445,107,0.1,0.154216,0.060724,2.345945,193.5067,55.3053,0.463898
1446,107,0.1,0.192113,0.077045,2.494212,238.6785,58.0740,1.400993
1447,107,0.1,0.121290,0.047501,2.113830,183.4873,55.9889,1.003137
1448,107,0.1,0.178813,0.057835,2.351059,214.4575,58.6139,0.496219
1449,107,0.1,0.139029,0.046139,2.170856,193.9691,53.7601,0.642714
1450,107,0.1,0.191707,0.081383,2.327561,259.6921,58.9111,0.347704
1451,107,0.1,0.143641,0.062037,2.281507,195.3568,58.2204,0.056634
1452,107,0.1,0.161112,0.073348,2.303443,232.1604,59.5772,0.195273
1453,107,0.1,0.108312,0.049490,2.131800,172.8607,57.1100,0.889562
1454,107,0.1,0.152116,0.068982,2.317365,213.5123,55.8945,0.283268
1455,107,0.1,0.148041,0.053341,2.225275,201.6696,57.1672,0.298772
1456,107,0.1,0.130573,0.049710,2.213091,184.3204,60.1324,0.375779
1457,107,0.1,0.134219,0.060374,2.188941,205.9893,55.8376,0.528415
1458,107,0.1,0.158670,0.058121,2.340641,214.3056,61.6489,0.430374
1459,107,0.1,0.156815,0.057260,2.307991,210.7473,55.3772,0.224016
1460,107,0.1,0.151304,0.055720,2.220360,207.7570,59.9288,0.329833
1461,107,0.1,0.135916,0.061112,2.212442,212.7731,55.2052,0.379878
1462,107,0.1,0.126865,0.057476,2.149034,198.8421,58.8069,0.780636
1463,107,0.1,0.129455,0.050693,2.191614,196.9575,55.9831,0.511522
1464,107,0.1,0.145831,0.053559,2.255693,194.8710,61.4975,0.106523
1465,107,0.1,0.132507,0.051728,2.165777,195.4838,59.1664,0.674816
1466,107,0.1,0.140918,0.061059,2.191799,205.1861,54.8313,0.510348
1467,107,0.1,0.170571,0.066708,2.390147,226.0241,60.3885,0.743268
1468,107,0.1,0.110157,0.046203,2.088266,177.4052,55.6055,1.164710
1469,107,0.1,0.137530,0.055199,2.234867,193.9084,56.5733,0.238145
1470,107,0.1,0.104316,0.049964,2.088388,175.4371,55.2008,1.163936
1471,107,0.1,0.157257,0.055731,2.242896,210.7314,57.3122,0.187402
1472,107,0.1,0.143257,0.069113,2.320080,202.9835,56.4576,0.300427
1473,107,0.1,0.117929,0.046618,2.070208,184.4731,58.9824,1.278839
1474,107,0.1,0.168473,0.061170,2.344080,227.7791,58.4516,0.452115
1475,107,0.1,0.175864,0.063271,2.352376,210.0946,57.6432,0.504547
1476,107,0.1,0.099598,0.051020,2.145334,169.2957,56.6256,0.804025
1477,107,0.1,0.125902,0.054347,2.145834,188.2945,56.1165,0.800863
1478,107,0.1,0.122610,0.051131,2.069325,184.5608,57.0197,1.284423
1479,107,0.1,0.169312,0.063522,2.404251,238.0886,59.3459,0.832412
1480,107,0.1,0.174569,0.067913,2.293026,228.7010,60.6313,0.129434
1481,107,0.1,0.189406,0.084084,2.503873,254.8311,58.5117,1.462051
1482,107,0.1,0.092714,0.046406,2.145808,154.3541,60.5372,0.801029
1483,107,0.1,0.111525,0.045385,2.090170,178.4497,50.0362,1.152673
1484,107,0.1,0.130945,0.060406,2.212664,193.5557,60.0955,0.378477
1485,107,0.1,0.172804,0.078641,2.404398,233.0152,60.4083,0.833338
1486,107,0.1,0.127791,0.057801,2.336566,193.6647,59.6837,0.404620
1487,107,0.1,0.148990,0.056320,2.314902,200.2356,60.3230,0.267695
1488,107,0.1,0.177757,0.089117,2.251389,265.0583,56.4364,0.133724
1489,107,0.1,0.190222,0.086639,2.514226,200.2016,57.1578,1.527485
1490,107,0.1,0.138809,0.054869,2.221862,187.3896,57.8249,0.320345
1491,107,0.1,0.116742,0.048157,2.163824,186.7599,57.1290,0.687157
1492,107,0.1,0.109710,0.049300,2.016034,170.3074,52.1496,1.621238
1493,107,0.1,0.154671,0.061595,2.323235,225.5730,56.6304,0.320364
1494,107,0.1,0.160135,0.060801,2.374871,218.6769,58.2348,0.646723
1495,107,0.1,0.149561,0.059467,2.266997,203.8504,56.3745,0.035075
1496,107,0.1,0.139643,0.048629,2.208098,189.5321,61.8437,0.407332
1497,107,0.1,0.127668,0.051654,2.149647,184.9096,56.3009,0.776764
1498,107,0.1,0.137150,0.056459,2.222820,194.1575,56.9924,0.314289
1499,107,0.1,0.188481,0.069478,2.345160,241.1371,58.1464,0.458936
1500,107,0.1,0.102807,0.047105,2.123156,176.8559,56.5284,0.944193
1501,107,0.2,0.144849,0.057922,2.228670,200.7107,61.3074,0.277316
1502,107,0.2,0.073510,0.043282,2.134384,123.3571,55.8079,0.873229
1503,107,0.2,0.189413,0.085098,2.332663,264.2328,57.8191,0.379955
1504,107,0.2,0.241641,0.131790,2.438588,265.9511,57.7556,1.049434
1505,107,0.2,0.055602,0.044169,2.343607,114.5671,57.3202,0.449125
1506,107,0.2,0.140141,0.052907,2.161557,202.2911,53.6469,0.701491
1507,107,0.2,0.083570,0.042383,2.057813,140.8929,54.8912,1.357180
1508,107,0.2,0.162850,0.057027,2.362294,219.2617,57.3527,0.567229
1509,107,0.2,0.143115,0.058256,2.256318,208.1838,57.8420,0.102569
1510,107,0.2,0.135338,0.050815,2.219726,190.1155,61.2079,0.333843
1511,107,0.2,0.162743,0.070042,2.332471,237.1114,59.4715,0.378740
1512,107,0.2,0.168105,0.064553,2.422016,234.8666,59.5919,0.944689
1513,107,0.2,0.155214,0.071196,2.261908,217.1965,56.0953,0.067237
1514,107,0.2,0.175983,0.074817,2.379595,250.4840,59.0427,0.676577
1515,107,0.2,0.085033,0.044179,2.210223,145.0189,54.7542,0.393905
1516,107,0.2,0.132639,0.047527,2.191141,180.0552,59.1906,0.514509
1517,107,0.2,0.185927,0.092033,2.435680,257.8526,57.3696,1.031049
1518,107,0.2,0.205698,0.209609,2.683016,272.1818,57.9121,2.594289
1519,107,0.2,0.078762,0.044503,2.163099,145.8638,52.2873,0.691745
1520,107,0.2,0.213481,0.099750,2.472978,258.6232,58.2747,1.266786
1521,107,0.2,0.148933,0.070056,2.323973,212.9249,59.7240,0.325031
1522,107,0.2,0.192480,0.081220,2.506262,245.4633,58.9251,1.477149
1523,107,0.2,0.158264,0.059570,2.397656,205.9011,59.5468,0.790731
1524,107,0.2,0.116882,0.048566,2.134689,181.5595,56.4040,0.871303
1525,107,0.2,0.191596,0.073311,2.342466,249.8703,59.4640,0.441910
1526,107,0.2,0.177479,0.123025,2.465620,277.5240,53.5267,1.220282
1527,107,0.2,0.147940,0.054333,2.238906,202.8702,58.5462,0.212617
1528,107,0.2,0.182002,0.065302,2.402032,238.8470,57.4393,0.818384
1529,107,0.2,0.082426,0.044172,2.095919,139.3147,56.6144,1.116341
1530,107,0.2,0.172429,0.103039,2.310972,274.2150,56.9814,0.242862
1531,107,0.2,0.185048,0.074620,2.393400,245.7796,55.6597,0.763828
1532,107,0.2,0.183164,0.165454,2.394664,278.2109,55.9267,0.771817
1533,107,0.2,0.074511,0.044762,2.169977,132.6102,56.0783,0.648273
1534,107,0.2,0.112649,0.047817,2.049079,176.9122,58.7710,1.412381
1535,107,0.2,0.251517,0.124176,2.467545,264.9870,56.4491,1.232447
1536,107,0.2,0.187249,0.173315,2.430154,275.7825,53.5969,0.996126
1537,107,0.2,0.223455,0.174530,2.712620,273.9709,56.1298,2.781396
1538,107,0.2,0.177964,0.076168,2.434820,233.0372,55.2002,1.025619
1539,107,0.2,0.135194,0.053157,2.285497,183.1724,56.5152,0.081851
1540,107,0.2,0.188599,0.080469,2.346899,262.9348,57.2122,0.469927
1541,107,0.2,0.095552,0.044185,2.160400,154.1617,54.2432,0.708799
1542,107,0.2,0.137779,0.054391,2.228048,196.0102,62.2445,0.281247
1543,107,0.2,0.065628,0.041703,2.254280,121.7894,48.5078,0.115451
1544,107,0.2,0.119625,0.050267,2.122678,175.7973,59.0178,0.947214
1545,107,0.2,0.109856,0.049112,2.103836,172.5288,57.8396,1.066305
1546,107,0.2,0.135075,0.051327,2.251005,178.2682,56.5626,0.136150
1547,107,0.2,0.202544,0.082963,2.493386,255.6174,56.7608,1.395769
1548,107,0.2,0.118366,0.045539,2.202446,172.8526,57.4612,0.443055
1549,107,0.2,0.159117,0.072301,2.402549,217.6152,55.6751,0.821651
1550,107,0.2,0.105806,0.051781,2.099200,187.7619,57.4973,1.095603
1551,107,0.2,0.060279,0.043299,2.270063,112.9464,61.1790,0.015701
1552,107,0.2,0.135348,0.053610,2.195203,193.8223,58.8293,0.488834
1553,107,0.2,0.169905,0.063319,2.394013,215.6112,59.3660,0.767701
1554,107,0.2,0.110655,0.052183,2.069570,185.4023,51.8824,1.282875
1555,107,0.2,0.182128,0.174801,2.504853,281.6156,55.6602,1.468248
1556,107,0.2,0.214441,0.184154,2.564501,273.6464,56.1735,1.845239
1557,107,0.2,0.139577,0.058727,2.266009,207.6419,56.9204,0.041319
1558,107,0.2,0.155030,0.063422,2.309357,210.2214,60.3116,0.232653
1559,107,0.2,0.155577,0.056260,2.275613,195.5313,56.2707,0.019380
1560,107,0.2,0.104271,0.045268,2.114956,172.5604,56.7147,0.996019
1561,107,0.2,0.173314,0.077206,2.332407,252.2076,58.8163,0.378333
1562,107,0.2,0.146851,0.058198,2.191947,213.2094,54.2650,0.509412
1563,107,0.2,0.149926,0.060311,2.267055,216.1400,57.8465,0.034710
1564,107,0.2,0.125061,0.049444,2.159878,187.4956,57.5845,0.712099
1565,107,0.2,0.141827,0.054258,2.133137,199.0616,57.6961,0.881109
1566,107,0.2,0.058711,0.043665,2.223038,113.9444,59.9298,0.312910
1567,107,0.2,0.179026,0.067987,2.309529,229.0912,57.8898,0.233739
1568,107,0.2,0.171733,0.070001,2.298094,234.5750,56.0654,0.161468
1569,107,0.2,0.179985,0.119131,2.507563,280.5693,57.4173,1.485377
1570,107,0.2,0.137526,0.063656,2.287583,203.1108,56.3684,0.095031
1571,107,0.2,0.174121,0.065120,2.327223,221.0510,55.0964,0.345569
1572,107,0.2,0.091903,0.044985,2.060378,151.0554,55.8602,1.340967
1573,107,0.2,0.173442,0.061979,2.352691,220.0507,58.9423,0.506536
1574,107,0.2,0.217254,0.141704,2.312952,264.6286,53.8034,0.255373
1575,107,0.2,0.197423,0.092921,2.482468,260.6064,55.8369,1.326767
1576,107,0.2,0.133178,0.054242,2.207426,197.1868,60.8474,0.411580
1577,107,0.2,0.154226,0.082049,2.315097,255.9302,56.1216,0.268932
1578,107,0.2,0.152315,0.058549,2.338477,202.8271,53.3700,0.416702
1579,107,0.2,0.150165,0.052053,2.207395,202.4655,57.3230,0.411778
1580,107,0.2,0.088077,0.040182,2.064451,144.7500,57.8539,1.315230
1581,107,0.2,0.174523,0.076109,2.391994,251.4642,56.2495,0.754946
1582,107,0.2,0.151123,0.055254,2.269017,202.4617,60.8333,0.022306
1583,107,0.2,0.072211,0.043160,2.247340,134.4047,51.7148,0.159317
1584,107,0.2,0.090978,0.045651,2.249288,167.8438,54.6599,0.147003
1585,107,0.2,0.090141,0.047525,2.113329,155.0202,56.9494,1.006301
1586,107,0.2,0.140187,0.054691,2.298260,201.8542,56.3090,0.162516
1587,107,0.2,0.125498,0.052421,2.207342,187.6819,61.8340,0.412112
1588,107,0.2,0.133374,0.057139,2.135418,200.4561,55.5767,0.866698
1589,107,0.2,0.099218,0.045139,2.075515,160.8519,55.5791,1.245301
1590,107,0.2,0.131857,0.047073,2.204157,178.2698,52.5227,0.432242
1591,107,0.2,0.203523,0.091598,2.607557,244.2852,62.0755,2.117367
1592,107,0.2,0.182897,0.059292,2.366690,230.5450,62.0331,0.595012
1593,107,0.2,0.107119,0.050801,2.177060,180.1394,54.8437,0.603506
1594,107,0.2,0.089171,0.047601,2.108548,172.1856,50.1979,1.036523
1595,107,0.2,0.203183,0.121821,2.423445,274.2614,53.9655,0.953725
1596,107,0.2,0.054887,0.046270,2.414770,117.2217,59.0327,0.898892
1597,107,0.2,0.203992,0.089326,2.421320,253.1586,56.6897,0.940291
1598,107,0.2,0.099022,0.049236,2.100409,180.8508,54.7816,1.087960
1599,107,0.2,0.108207,0.050795,2.162187,170.7342,55.9450,0.697509
1600,107,0.2,0.143990,0.054957,2.273041,203.9892,59.8493,0.003126
1601,108,0.1,0.104757,0.050189,2.056108,170.8323,57.8026,1.367960
1602,108,0.1,0.102141,0.044726,2.177840,151.5303,57.6767,0.598573
1603,108,0.1,0.158587,0.060495,2.311569,195.3599,57.6033,0.246632
1604,108,0.1,0.123149,0.049394,2.262522,172.2667,56.7976,0.063358
1605,108,0.1,0.164103,0.057729,2.425485,199.8636,59.7805,0.966614
1606,108,0.1,0.163625,0.059208,2.358096,212.7423,59.9032,0.540698
1607,108,0.1,0.151426,0.068543,2.218635,217.9946,56.4222,0.340739
1608,108,0.1,0.102742,0.048341,2.136414,188.5381,55.3494,0.860400
1609,108,0.1,0.162501,0.067793,2.338108,232.4834,57.5664,0.414364
1610,108,0.1,0.117640,0.047374,2.187698,179.4653,58.0521,0.536267
1611,108,0.1,0.130078,0.053262,2.153748,193.1614,52.3593,0.750845
1612,108,0.1,0.158357,0.055441,2.240540,225.8898,55.3445,0.202292
1613,108,0.1,0.192056,0.085135,2.415729,256.7979,58.1215,0.904956
1614,108,0.1,0.156525,0.056527,2.317340,206.0398,57.4630,0.283107
1615,108,0.1,0.106351,0.050310,2.015581,176.7050,54.5347,1.624100
1616,108,0.1,0.148781,0.062514,2.294114,201.0635,56.8104,0.136315
1617,108,0.1,0.176902,0.062959,2.418587,230.4444,59.4652,0.923021
1618,108,0.1,0.176283,0.082331,2.394485,257.2560,58.5808,0.770688
1619,108,0.1,0.178534,0.067968,2.413516,228.5844,58.5516,0.890969
1620,108,0.1,0.126337,0.047681,2.264260,185.9972,59.6918,0.052374
1621,108,0.1,0.125683,0.051054,2.142167,186.9835,57.0836,0.824037
1622,108,0.1,0.174379,0.063117,2.278696,229.0416,57.3785,0.038864
1623,108,0.1,0.113698,0.046932,2.127124,180.1677,61.1470,0.919118
1624,108,0.1,0.174544,0.066756,2.396661,221.4487,59.3729,0.784441
1625,108,0.1,0.123739,0.056232,2.154553,199.9029,58.9659,0.745758
1626,108,0.1,0.156396,0.061822,2.260406,221.4977,58.7000,0.076730
1627,108,0.1,0.159776,0.061210,2.331343,208.5413,59.3127,0.371609
1628,108,0.1,0.166173,0.058861,2.378923,221.9977,57.0215,0.672327
1629,108,0.1,0.161003,0.056023,2.304668,212.6427,60.5750,0.203017
1630,108,0.1,0.121662,0.053030,2.119285,199.8465,58.2089,0.968663
1631,108,0.1,0.122679,0.045973,2.151066,177.5748,59.1103,0.767794
1632,108,0.1,0.122257,0.051685,2.243824,192.1573,59.9318,0.181534
1633,108,0.1,0.191773,0.092861,2.375303,259.7192,56.9503,0.649449
1634,108,0.1,0.129837,0.052158,2.228762,192.5927,57.6356,0.276735
1635,108,0.1,0.185614,0.110196,2.496734,271.0217,57.4344,1.416934
1636,108,0.1,0.180129,0.090555,2.329219,251.3080,56.7776,0.358184
1637,108,0.1,0.146369,0.057162,2.319114,199.8597,55.7602,0.294322
1638,108,0.1,0.138786,0.055868,2.240253,195.1837,59.0092,0.204103
1639,108,0.1,0.172644,0.059650,2.375335,202.7595,57.3630,0.649651
1640,108,0.1,0.156375,0.060102,2.339180,219.1225,57.6587,0.421144
1641,108,0.1,0.166003,0.060148,2.417326,218.4202,61.8906,0.915049
1642,108,0.1,0.154348,0.058180,2.279057,222.4389,62.8953,0.041146
1643,108,0.1,0.113868,0.045228,2.071761,186.3669,56.5902,1.269026
1644,108,0.1,0.154309,0.057459,2.284168,201.5191,55.1305,0.073448
1645,108,0.1,0.107642,0.049515,2.127370,167.0256,56.4548,0.917562
1646,108,0.1,0.197039,0.084045,2.508418,263.6707,56.6876,1.490775
1647,108,0.1,0.165231,0.074808,2.313936,233.3497,54.8737,0.261593
1648,108,0.1,0.177278,0.063722,2.533718,224.1504,57.2017,1.650680
1649,108,0.1,0.136038,0.051264,2.190524,194.0824,54.6025,0.518408
1650,108,0.1,0.118693,0.053910,2.158194,174.1307,56.5757,0.722746
1651,108,0.1,0.114899,0.047861,2.040614,166.6647,58.6372,1.465883
1652,108,0.1,0.170408,0.075875,2.381215,232.1588,62.1532,0.686818
1653,108,0.1,0.139042,0.056439,2.229615,205.0963,58.1745,0.271343
1654,108,0.1,0.131824,0.056491,2.219179,187.4161,58.6973,0.337303
1655,108,0.1,0.134831,0.071391,2.312169,204.0387,58.8286,0.250426
1656,108,0.1,0.165967,0.061277,2.339930,209.7330,56.8797,0.425881
1657,108,0.1,0.174262,0.072753,2.454855,249.0214,59.6668,1.152246
1658,108,0.1,0.141750,0.062242,2.290773,206.0056,58.2880,0.115197
1659,108,0.1,0.169786,0.053729,2.309537,215.3909,58.3028,0.233789
1660,108,0.1,0.183036,0.084106,2.385531,249.7743,56.7264,0.714092
1661,108,0.1,0.180568,0.075969,2.343807,245.6112,57.0595,0.450385
1662,108,0.1,0.164680,0.060126,2.252040,212.2635,56.8157,0.129606
1663,108,0.1,0.163153,0.063180,2.379729,235.1063,59.0394,0.677426
1664,108,0.1,0.113820,0.046309,2.088998,173.3022,53.9239,1.160082
1665,108,0.1,0.111620,0.044990,2.194404,172.8281,56.3537,0.493888
1666,108,0.1,0.100297,0.044466,2.169097,154.1496,57.5061,0.653832
1667,108,0.1,0.143968,0.055520,2.228102,193.7423,55.6863,0.280904
1668,108,0.1,0.182645,0.070205,2.359201,236.7265,60.8558,0.547680
1669,108,0.1,0.150392,0.054034,2.285249,206.9843,57.1860,0.080284
1670,108,0.1,0.130990,0.060713,2.193232,191.3379,57.0861,0.501294
1671,108,0.1,0.155243,0.057249,2.313076,196.0749,56.8736,0.256160
1672,108,0.1,0.104678,0.053762,2.128702,192.6435,54.2123,0.909144
1673,108,0.1,0.172754,0.077187,2.435240,251.4413,62.6252,1.028272
1674,108,0.1,0.125714,0.055244,2.198704,181.9801,57.9319,0.466710
1675,108,0.1,0.090876,0.046090,2.125183,164.7830,54.2413,0.931383
1676,108,0.1,0.189996,0.073726,2.448123,244.2435,58.9424,1.109693
1677,108,0.1,0.164689,0.063141,2.369139,236.7920,57.8682,0.610494
1678,108,0.1,0.127052,0.056993,2.111120,197.5860,53.4732,1.020267
1679,108,0.1,0.167486,0.056394,2.307556,200.5949,56.7795,0.221267
1680,108,0.1,0.191866,0.091345,2.355616,273.2732,57.2148,0.525026
1681,108,0.1,0.136636,0.056926,2.254495,190.4171,57.7244,0.114093
1682,108,0.1,0.132605,0.052836,2.262024,202.5958,63.2107,0.066508
1683,108,0.1,0.152942,0.062287,2.259985,217.8079,56.5854,0.079393
1684,108,0.1,0.144076,0.061577,2.325244,186.3390,56.9348,0.333065
1685,108,0.1,0.187436,0.063203,2.447316,224.5903,60.7817,1.104593
1686,108,0.1,0.152909,0.058899,2.282915,214.1888,57.0218,0.065532
1687,108,0.1,0.161736,0.076507,2.363328,236.1265,63.1262,0.573766
1688,108,0.1,0.125209,0.046866,2.088661,179.8659,56.5446,1.162212
1689,108,0.1,0.176123,0.073430,2.328366,220.4474,63.3101,0.352796
1690,108,0.1,0.135606,0.060123,2.219407,192.6834,55.7833,0.335857
1691,108,0.1,0.185018,0.073126,2.423881,229.4292,58.8943,0.956476
1692,108,0.1,0.126324,0.055441,2.018728,181.4058,60.9656,1.604212
1693,108,0.1,0.093201,0.048205,2.074741,163.3537,53.9663,1.250193
1694,108,0.1,0.101966,0.047451,2.113180,160.2463,55.4750,1.007244
1695,108,0.1,0.144672,0.064338,2.266886,205.0060,56.4824,0.035779
1696,108,0.1,0.172097,0.070059,2.301551,241.6449,58.4865,0.183318
1697,108,0.1,0.147972,0.061174,2.364696,194.5209,60.9844,0.582409
1698,108,0.1,0.167578,0.061468,2.329808,221.0595,56.8672,0.361911
1699,108,0.1,0.122555,0.049438,2.169140,179.3377,56.6270,0.653564
1700,108,0.1,0.140797,0.057394,2.232277,201.0877,59.2791,0.254518
1701,108,0.2,0.077731,0.043062,2.141945,136.5093,56.2895,0.825441
1702,108,0.2,0.132001,0.058605,2.250832,197.1981,61.4678,0.137245
1703,108,0.2,0.189378,0.084651,2.385581,260.2568,55.5673,0.714410
1704,108,0.2,0.149093,0.058540,2.308087,206.5315,57.6902,0.224626
1705,108,0.2,0.087454,0.047372,2.149629,161.5931,55.3409,0.776875
1706,108,0.2,0.181114,0.128960,2.539786,277.3237,57.7228,1.689036
1707,108,0.2,0.241577,0.132894,2.245982,271.5152,59.3392,0.167896
1708,108,0.2,0.165687,0.064963,2.337298,229.7514,58.6078,0.409246
1709,108,0.2,0.141938,0.056795,2.313544,206.9748,55.5481,0.259113
1710,108,0.2,0.213743,0.117031,2.433104,269.3248,60.2364,1.014772
1711,108,0.2,0.132409,0.063623,2.142890,216.5023,55.9145,0.819468
1712,108,0.2,0.165097,0.060558,2.359324,233.3224,53.9828,0.548456
1713,108,0.2,0.083078,0.040090,2.161265,147.0509,55.3183,0.703333
1714,108,0.2,0.169720,0.120849,2.416234,272.7389,57.2471,0.908148
1715,108,0.2,0.181590,0.084692,2.383625,242.4944,57.6262,0.702048
1716,108,0.2,0.148219,0.063187,2.305296,206.5518,58.2227,0.206986
1717,108,0.2,0.065084,0.046373,2.233317,121.1794,57.3553,0.247946
1718,108,0.2,0.183111,0.071477,2.321621,246.2028,56.4135,0.310163
1719,108,0.2,0.055301,0.044252,2.420183,102.1657,53.9365,0.933108
1720,108,0.2,0.139830,0.052460,2.207301,188.2088,60.8628,0.412370
1721,108,0.2,0.077523,0.044774,2.147228,132.6264,54.0323,0.792052
1722,108,0.2,0.063805,0.059658,2.371888,93.3876,58.2294,0.627865
1723,108,0.2,0.099887,0.043713,2.173747,153.6155,60.3776,0.624444
1724,108,0.2,0.150848,0.056748,2.240062,196.7016,57.6117,0.205310
1725,108,0.2,0.183006,0.098280,2.483044,267.2994,60.1480,1.330405
1726,108,0.2,0.172571,0.073934,2.381583,252.7481,54.3465,0.689140
1727,108,0.2,0.214150,0.146482,2.340453,283.0203,57.6627,0.429187
1728,108,0.2,0.112363,0.048934,2.095201,180.1230,53.6876,1.120877
1729,108,0.2,0.261793,0.127684,2.413577,262.3712,58.2602,0.891352
1730,108,0.2,0.126482,0.055543,2.211167,196.1235,60.3306,0.387939
1731,108,0.2,0.174679,0.068323,2.268485,257.1448,56.8666,0.025673
1732,108,0.2,0.142623,0.057433,2.287066,200.2247,60.9103,0.091765
1733,108,0.2,0.156619,0.052513,2.271523,214.9146,56.6117,0.006470
1734,108,0.2,0.060076,0.043671,2.321039,112.6338,56.0277,0.306484
1735,108,0.2,0.108549,0.049063,2.116664,176.1858,56.4793,0.985223
1736,108,0.2,0.059498,0.044977,2.338640,116.7409,61.5314,0.417728
1737,108,0.2,0.185298,0.061383,2.437342,225.6413,58.0841,1.041554
1738,108,0.2,0.080120,0.045624,2.071510,140.5667,54.7997,1.270611
1739,108,0.2,0.118949,0.047247,2.018164,172.4509,56.9284,1.607773
1740,108,0.2,0.179205,0.085940,2.290851,263.2437,58.4552,0.115691
1741,108,0.2,0.139735,0.054695,2.233194,191.6430,53.3680,0.248724
1742,108,0.2,0.209907,0.076677,2.472656,240.3471,58.1474,1.264752
1743,108,0.2,0.211826,0.160811,2.320119,271.8276,57.4874,0.300671
1744,108,0.2,0.190365,0.184393,2.532458,270.2404,58.6070,1.642718
1745,108,0.2,0.182966,0.092764,2.467110,257.7254,55.7033,1.229699
1746,108,0.2,0.070199,0.042118,2.165154,122.8351,60.9208,0.678756
1747,108,0.2,0.204695,0.096607,2.490132,264.0743,53.6849,1.375205
1748,108,0.2,0.153760,0.059789,2.340699,196.9936,58.5993,0.430740
1749,108,0.2,0.209916,0.104842,2.304456,263.6609,55.2235,0.201675
1750,108,0.2,0.153406,0.063869,2.263755,224.9408,54.5884,0.055569
1751,108,0.2,0.196775,0.154213,2.368047,272.5555,57.3060,0.603593
1752,108,0.2,0.179612,0.107318,2.265862,278.4269,55.0555,0.042249
1753,108,0.2,0.198265,0.080572,2.409946,245.0674,60.7503,0.868405
1754,108,0.2,0.081689,0.047322,2.139129,165.1917,53.5933,0.843239
1755,108,0.2,0.130402,0.043950,2.056139,200.5862,54.5307,1.367761
1756,108,0.2,0.078531,0.042624,2.195632,136.5932,54.0296,0.486121
1757,108,0.2,0.127047,0.054393,2.156511,191.6736,55.0303,0.733379
1758,108,0.2,0.230491,0.213252,2.847593,270.2954,56.2794,3.634468
1759,108,0.2,0.193294,0.071329,2.360863,238.0355,56.8204,0.558188
1760,108,0.2,0.106517,0.048551,2.114842,180.1686,58.0632,0.996739
1761,108,0.2,0.105914,0.054543,2.163177,189.5208,56.1777,0.691251
1762,108,0.2,0.132604,0.056229,2.149691,202.7436,59.7636,0.776486
1763,108,0.2,0.173492,0.070931,2.421901,242.8865,56.4417,0.943962
1764,108,0.2,0.219154,0.130949,2.363205,271.5765,55.9050,0.572988
1765,108,0.2,0.218515,0.171143,2.507357,267.0578,58.7895,1.484070
1766,108,0.2,0.081809,0.041573,2.037953,132.6804,51.8866,1.482704
1767,108,0.2,0.099938,0.042610,2.106912,162.0198,55.4003,1.046864
1768,108,0.2,0.089405,0.046257,2.084510,146.5262,55.0088,1.188447
1769,108,0.2,0.233386,0.156839,2.380507,270.0006,57.1680,0.682340
1770,108,0.2,0.199236,0.113702,2.393260,277.0981,57.8201,0.762941
1771,108,0.2,0.188027,0.098750,2.416038,264.4837,53.9669,0.906906
1772,108,0.2,0.171956,0.083885,2.319901,262.0350,54.8788,0.299291
1773,108,0.2,0.154100,0.057833,2.304928,207.9933,60.5367,0.204660
1774,108,0.2,0.178185,0.113798,2.434905,280.9442,58.3458,1.026153
1775,108,0.2,0.137467,0.058498,2.292310,194.2913,57.1265,0.124910
1776,108,0.2,0.091018,0.053210,2.091402,171.0128,57.0840,1.144892
1777,108,0.2,0.210567,0.119780,2.386739,252.0048,57.3396,0.721731
1778,108,0.2,0.179382,0.064571,2.337562,225.6665,59.8886,0.410914
1779,108,0.2,0.127022,0.051091,2.215764,180.1393,58.8542,0.358885
1780,108,0.2,0.187353,0.070876,2.409537,239.2204,55.8180,0.865819
1781,108,0.2,0.165521,0.053996,2.323682,212.7036,61.9646,0.323187
1782,108,0.2,0.072745,0.042990,2.160401,143.4016,53.7571,0.708792
1783,108,0.2,0.119149,0.050986,2.109598,196.2985,54.0267,1.029884
1784,108,0.2,0.142284,0.056146,2.288544,186.2231,59.2843,0.101105
1785,108,0.2,0.208234,0.118654,2.395338,266.8243,60.1940,0.776080
1786,108,0.2,0.203268,0.119263,2.466759,274.8681,56.3376,1.227479
1787,108,0.2,0.206408,0.123744,2.228524,274.3113,58.8867,0.278237
1788,108,0.2,0.072679,0.042015,2.225385,130.6382,59.2414,0.298075
1789,108,0.2,0.128747,0.051656,2.064154,181.2102,60.3120,1.317103
1790,108,0.2,0.085414,0.044960,2.180742,148.5039,49.2334,0.580236
1791,108,0.2,0.166614,0.060441,2.368634,225.4951,58.5868,0.607302
1792,108,0.2,0.079001,0.044864,2.146213,132.1641,49.6397,0.798468
1793,108,0.2,0.183027,0.103735,2.268143,264.0824,57.1648,0.027834
1794,108,0.2,0.218912,0.123025,2.516150,258.0344,56.1321,1.539647
1795,108,0.2,0.181206,0.078893,2.361271,251.8819,61.1535,0.560763
1796,108,0.2,0.069617,0.043870,2.249957,135.4431,55.4580,0.142775
1797,108,0.2,0.189756,0.081475,2.352303,258.2907,60.6881,0.504085
1798,108,0.2,0.175701,0.104629,2.449240,277.5655,57.2257,1.116752
1799,108,0.2,0.240487,0.120172,2.373340,277.4945,62.4540,0.637041
1800,108,0.2,0.189936,0.081953,2.388784,252.5739,56.7434,0.734655
1801,109,0.1,0.163616,0.058905,2.384157,213.2755,57.9352,0.705414
1802,109,0.1,0.155044,0.054473,2.338432,203.7761,58.6933,0.416418
1803,109,0.1,0.166572,0.065785,2.384404,207.6241,56.5536,0.706969
1804,109,0.1,0.113587,0.052452,2.125726,174.0041,56.5682,0.927948
1805,109,0.1,0.159462,0.058273,2.446214,200.2012,56.5063,1.097630
1806,109,0.1,0.168718,0.061849,2.410177,212.2155,56.5114,0.869867
1807,109,0.1,0.125459,0.047474,2.189371,194.3797,56.7719,0.525693
1808,109,0.1,0.177207,0.066398,2.413254,225.8006,55.7851,0.889313
1809,109,0.1,0.121029,0.048682,2.081968,183.5306,55.1602,1.204512
1810,109,0.1,0.137753,0.056428,2.176704,192.5059,55.7988,0.605757
1811,109,0.1,0.125793,0.059913,2.270675,194.7483,58.0990,0.011829
1812,109,0.1,0.206961,0.095482,2.420180,261.1827,54.1589,0.933088
1813,109,0.1,0.162617,0.065305,2.285816,204.9162,61.2855,0.083864
1814,109,0.1,0.143810,0.055541,2.305847,199.9584,58.3480,0.210469
1815,109,0.1,0.153549,0.079829,2.454720,221.4026,56.2399,1.151388
1816,109,0.1,0.122625,0.046043,2.110894,172.5142,56.4083,1.021695
1817,109,0.1,0.160343,0.053148,2.373555,208.4693,55.1324,0.638403
1818,109,0.1,0.136980,0.058946,2.223788,219.1543,57.7823,0.308168
1819,109,0.1,0.114450,0.046530,2.109518,181.4958,56.0700,1.030391
1820,109,0.1,0.195126,0.080538,2.411926,259.6519,58.0360,0.880922
1821,109,0.1,0.132522,0.054962,2.295856,190.3090,58.7645,0.147320
1822,109,0.1,0.177716,0.061926,2.355527,223.4306,52.0250,0.524459
1823,109,0.1,0.081153,0.045634,2.097508,150.8029,54.3550,1.106297
1824,109,0.1,0.168416,0.057284,2.370636,216.2516,53.8214,0.619957
1825,109,0.1,0.144191,0.065560,2.392370,197.6651,57.8001,0.757319
1826,109,0.1,0.177412,0.103537,2.471768,253.3024,56.5575,1.259137
1827,109,0.1,0.139324,0.055619,2.100650,205.1116,57.8629,1.086440
1828,109,0.1,0.214320,0.099342,2.378557,254.5252,58.2295,0.670018
1829,109,0.1,0.189427,0.079682,2.424143,256.3463,58.1931,0.958134
1830,109,0.1,0.178246,0.074719,2.487586,243.8456,60.8430,1.359115
1831,109,0.1,0.181419,0.087895,2.382695,266.4971,56.3157,0.696171
1832,109,0.1,0.184682,0.089901,2.274405,274.2896,57.0308,0.011746
1833,109,0.1,0.162235,0.069027,2.448197,209.4502,55.0814,1.110163
1834,109,0.1,0.160511,0.061747,2.279800,223.6853,58.8165,0.045846
1835,109,0.1,0.178832,0.066595,2.397097,227.1980,58.4117,0.787193
1836,109,0.1,0.126581,0.051171,2.080540,186.5670,55.7564,1.213539
1837,109,0.1,0.210826,0.108932,2.425643,272.2140,58.8221,0.967617
1838,109,0.1,0.164223,0.063891,2.329097,208.1365,61.4385,0.357413
1839,109,0.1,0.138920,0.052075,2.180750,180.8133,56.1608,0.580180
1840,109,0.1,0.133969,0.054254,2.164181,191.2050,58.7538,0.684901
1841,109,0.1,0.153192,0.062130,2.321905,201.4016,56.0424,0.311959
1842,109,0.1,0.109397,0.045859,2.118924,164.8807,52.5985,0.970941
1843,109,0.1,0.160133,0.058264,2.349993,214.4192,60.2773,0.489481
1844,109,0.1,0.196474,0.069703,2.335710,231.7791,55.9639,0.399209
1845,109,0.1,0.135555,0.049820,2.151465,182.7000,55.7693,0.765275
1846,109,0.1,0.191131,0.080691,2.373576,244.7587,55.5371,0.638533
1847,109,0.1,0.106891,0.047826,2.064248,167.5411,57.0654,1.316512
1848,109,0.1,0.166335,0.057719,2.383383,207.3715,59.8464,0.700517
1849,109,0.1,0.216065,0.098205,2.423028,264.1932,56.1805,0.951085
1850,109,0.1,0.173624,0.070383,2.348520,232.8486,57.8210,0.480175
1851,109,0.1,0.096209,0.045769,2.133850,150.1824,55.9773,0.876606
1852,109,0.1,0.184098,0.089761,2.332665,268.1235,53.4159,0.379964
1853,109,0.1,0.141403,0.062769,2.310173,214.6667,58.6714,0.237811
1854,109,0.1,0.102772,0.049815,2.055303,175.1506,54.5701,1.373047
1855,109,0.1,0.145414,0.060565,2.173907,204.7284,56.1667,0.623432
1856,109,0.1,0.147599,0.056145,2.357866,197.0760,59.5952,0.539243
1857,109,0.1,0.078329,0.045022,2.118110,134.2317,51.9686,0.976090
1858,109,0.1,0.131174,0.053488,2.298584,202.3257,59.4257,0.164564
1859,109,0.1,0.081023,0.042876,2.129947,139.3227,50.9484,0.901276
1860,109,0.1,0.131845,0.054645,2.178852,198.9933,58.0872,0.592182
1861,109,0.1,0.150881,0.063299,2.308826,218.8314,59.8872,0.229295
1862,109,0.1,0.196108,0.074645,2.358673,254.6561,56.7564,0.544342
1863,109,0.1,0.159544,0.060879,2.334568,217.1161,55.0213,0.391994
1864,109,0.1,0.142397,0.056411,2.219540,200.7436,58.9477,0.335016
1865,109,0.1,0.182375,0.077321,2.397743,245.8703,56.7026,0.791275
1866,109,0.1,0.192463,0.101818,2.397160,258.0374,57.1017,0.787593
1867,109,0.1,0.110423,0.050201,2.091040,169.5115,60.0872,1.147174
1868,109,0.1,0.151160,0.067603,2.255386,223.0378,58.7483,0.108460
1869,109,0.1,0.092609,0.047350,2.093119,161.8273,53.4189,1.134038
1870,109,0.1,0.182566,0.065713,2.439820,225.2674,60.6929,1.057219
1871,109,0.1,0.184115,0.070355,2.348854,240.8515,55.9502,0.482288
1872,109,0.1,0.153409,0.056190,2.289112,203.3399,61.8849,0.104698
1873,109,0.1,0.162077,0.061740,2.310885,211.5870,56.4143,0.242311
1874,109,0.1,0.178867,0.102932,2.262081,265.3668,53.4894,0.066149
1875,109,0.1,0.129438,0.055204,2.095683,194.1847,56.0668,1.117835
1876,109,0.1,0.079369,0.042340,2.123816,135.3879,56.1804,0.940020
1877,109,0.1,0.166679,0.088824,2.424895,248.6978,57.2888,0.962890
1878,109,0.1,0.133492,0.050928,2.127143,189.2584,59.2383,0.918997
1879,109,0.1,0.177778,0.089866,2.353548,246.1689,58.0845,0.511953
1880,109,0.1,0.163429,0.053813,2.280334,215.6662,60.3578,0.049215
1881,109,0.1,0.088011,0.042920,2.085006,140.6536,53.9351,1.185312
1882,109,0.1,0.195065,0.085611,2.463693,258.3763,59.9823,1.208101
1883,109,0.1,0.150622,0.073894,2.173521,240.3827,55.9353,0.625875
1884,109,0.1,0.120516,0.052255,2.119709,185.1448,61.2440,0.965980
1885,109,0.1,0.190948,0.101703,2.530014,268.6811,59.9385,1.627273
1886,109,0.1,0.136243,0.057246,2.394961,200.0875,59.0060,0.773693
1887,109,0.1,0.103220,0.045092,2.089821,160.4641,56.2937,1.154883
1888,109,0.1,0.132135,0.057259,2.107969,195.2780,54.6812,1.040180
1889,109,0.1,0.096541,0.046317,2.140973,152.6525,55.2878,0.831588
1890,109,0.1,0.153857,0.061952,2.273328,202.0727,57.1214,0.004940
1891,109,0.1,0.188215,0.107417,2.599783,260.9915,58.3988,2.068231
1892,109,0.1,0.174427,0.068026,2.368412,230.0459,61.3200,0.605898
1893,109,0.1,0.127681,0.067419,2.215128,202.7186,59.7654,0.362907
1894,109,0.1,0.170803,0.061958,2.331552,231.5918,58.8288,0.372930
1895,109,0.1,0.149344,0.057998,2.270413,203.8653,55.7850,0.013485
1896,109,0.1,0.142897,0.055458,2.206930,198.2485,57.3954,0.414715
1897,109,0.1,0.130951,0.055336,2.184363,188.3176,55.9805,0.557350
1898,109,0.1,0.162138,0.062051,2.299632,219.3512,57.4241,0.171185
1899,109,0.1,0.133772,0.055758,2.142935,195.1616,57.3037,0.819187
1900,109,0.1,0.125912,0.057803,2.125679,189.5320,56.5644,0.928248
1901,109,0.2,0.168343,0.062419,2.344437,227.8833,58.6493,0.454369
1902,109,0.2,0.119019,0.043956,2.153261,175.8433,54.8336,0.753925
1903,109,0.2,0.166633,0.075187,2.436818,244.2296,59.2088,1.038247
1904,109,0.2,0.095354,0.048581,2.100777,160.0678,53.3485,1.085638
1905,109,0.2,0.103153,0.049244,2.182261,169.4941,51.4480,0.570632
1906,109,0.2,0.079951,0.041142,2.188866,142.5084,49.3298,0.528885
1907,109,0.2,0.054815,0.048072,2.297932,107.0420,62.4420,0.160441
1908,109,0.2,0.112443,0.051574,2.133977,196.4534,51.9845,0.875804
1909,109,0.2,0.079803,0.043180,2.210171,133.5598,51.6783,0.394235
1910,109,0.2,0.090287,0.044194,2.172461,163.4484,55.2956,0.632569
1911,109,0.2,0.243669,0.124026,2.393984,268.4735,57.4871,0.767519
1912,109,0.2,0.162732,0.060283,2.327267,238.5965,55.0156,0.345848
1913,109,0.2,0.095624,0.048130,2.161445,168.5996,52.3074,0.702194
1914,109,0.2,0.083119,0.043342,2.133298,150.5599,48.0333,0.880094
1915,109,0.2,0.190536,0.167129,2.429780,275.0622,54.1010,0.993764
1916,109,0.2,0.193500,0.074563,2.530091,235.6050,62.0380,1.627758
1917,109,0.2,0.162237,0.056462,2.389216,193.7940,56.8702,0.737387
1918,109,0.2,0.077992,0.043000,2.162535,131.9430,56.8384,0.695309
1919,109,0.2,0.078928,0.044979,2.159988,140.2572,51.8243,0.711406
1920,109,0.2,0.152308,0.066031,2.302723,208.6544,60.3160,0.190723
1921,109,0.2,0.173658,0.074678,2.436271,240.2061,59.3578,1.034786
1922,109,0.2,0.215453,0.114335,2.532232,272.4938,58.8499,1.641290
1923,109,0.2,0.173060,0.071986,2.423316,236.3660,59.9381,0.952905
1924,109,0.2,0.077298,0.042506,2.162827,137.3889,47.3371,0.693462
1925,109,0.2,0.069580,0.042139,2.215981,130.4273,58.6332,0.357514
1926,109,0.2,0.085234,0.043406,2.140943,151.8117,52.1624,0.831775
1927,109,0.2,0.187696,0.163950,2.440442,281.5008,58.0749,1.061146
1928,109,0.2,0.151319,0.052190,2.263182,204.6572,57.4281,0.059185
1929,109,0.2,0.170210,0.070056,2.346512,217.0151,58.9314,0.467483
1930,109,0.2,0.185544,0.065444,2.371122,235.4184,58.4847,0.623025
1931,109,0.2,0.098449,0.046237,2.083625,161.1415,56.5793,1.194040
1932,109,0.2,0.174941,0.095735,2.347964,262.6312,58.0166,0.476658
1933,109,0.2,0.163555,0.072185,2.408532,217.2670,56.8201,0.859465
1934,109,0.2,0.089475,0.044824,2.175369,146.3732,55.7593,0.614194
1935,109,0.2,0.174065,0.075084,2.430171,237.7288,56.6700,0.996233
1936,109,0.2,0.163060,0.054463,2.370893,218.0477,53.1758,0.621576
1937,109,0.2,0.059611,0.045380,2.244109,98.2457,55.4161,0.179734
1938,109,0.2,0.206368,0.173786,2.630209,264.3452,56.4100,2.260531
1939,109,0.2,0.137290,0.050734,2.267897,185.5048,55.3904,0.029385
1940,109,0.2,0.061219,0.044096,2.305194,115.7080,52.6268,0.206339
1941,109,0.2,0.179925,0.115658,2.486958,269.6027,56.3866,1.355144
1942,109,0.2,0.064804,0.043532,2.307853,125.1814,55.8214,0.223149
1943,109,0.2,0.181077,0.060322,2.376052,225.3776,60.0560,0.654184
1944,109,0.2,0.123154,0.052397,2.196405,186.7408,57.0096,0.481240
1945,109,0.2,0.107345,0.046897,2.055186,165.2441,55.8082,1.373787
1946,109,0.2,0.126681,0.052391,2.178957,181.6007,60.3598,0.591514
1947,109,0.2,0.108697,0.046912,2.158101,171.6462,58.7057,0.723330
1948,109,0.2,0.228405,0.102475,2.489068,276.0748,57.8673,1.368481
1949,109,0.2,0.145685,0.053572,2.253586,195.5907,56.0187,0.119839
1950,109,0.2,0.120450,0.055833,2.123828,183.3830,56.2855,0.939950
1951,109,0.2,0.217561,0.140492,2.359213,261.8366,54.6916,0.547755
1952,109,0.2,0.132003,0.063912,2.218156,188.5693,58.8918,0.343765
1953,109,0.2,0.073544,0.044433,2.261853,123.4614,55.1651,0.067589
1954,109,0.2,0.227651,0.204757,2.842708,276.0222,54.7465,3.603590
1955,109,0.2,0.189852,0.152873,2.373879,273.3255,57.7951,0.640451
1956,109,0.2,0.174266,0.063859,2.417977,217.9744,57.8393,0.919164
1957,109,0.2,0.068785,0.041831,2.303246,122.2243,52.1892,0.194030
1958,109,0.2,0.125087,0.066614,2.178874,204.1052,59.9348,0.592040
1959,109,0.2,0.245162,0.114111,2.570037,272.8942,59.3580,1.880228
1960,109,0.2,0.179011,0.107707,2.466422,261.4195,56.2330,1.225347
1961,109,0.2,0.131489,0.065095,2.213662,202.1371,53.4740,0.372170
1962,109,0.2,0.125052,0.044563,2.091852,178.6282,57.4499,1.142044
1963,109,0.2,0.134420,0.056350,2.195916,203.1540,55.4278,0.484327
1964,109,0.2,0.080089,0.042564,2.248319,136.3550,58.9640,0.153123
1965,109,0.2,0.110723,0.050679,2.128223,180.8581,54.1947,0.912172
1966,109,0.2,0.206473,0.150519,2.291143,274.0673,55.4907,0.117533
1967,109,0.2,0.164865,0.121723,2.389632,273.3229,59.8149,0.740011
1968,109,0.2,0.183237,0.061065,2.377644,221.9543,57.8601,0.664247
1969,109,0.2,0.137710,0.054360,2.206279,197.5464,54.5282,0.418832
1970,109,0.2,0.108989,0.048930,2.126722,169.7644,56.3373,0.921655
1971,109,0.2,0.151757,0.063143,2.345949,203.9934,58.2961,0.463926
1972,109,0.2,0.206085,0.099775,2.356753,265.9600,56.0135,0.532206
1973,109,0.2,0.099034,0.046053,2.153992,177.0406,49.5947,0.749304
1974,109,0.2,0.174098,0.068752,2.435582,230.8052,60.3145,1.030434
1975,109,0.2,0.184934,0.075319,2.268517,247.0686,59.5914,0.025472
1976,109,0.2,0.125662,0.053993,2.187309,197.5735,59.5490,0.538727
1977,109,0.2,0.144854,0.061266,2.287335,189.1789,54.1573,0.093464
1978,109,0.2,0.235630,0.122812,2.361510,269.9958,55.1685,0.562277
1979,109,0.2,0.200476,0.073604,2.473293,250.9493,54.2320,1.268776
1980,109,0.2,0.199793,0.163142,2.309366,277.2040,56.1782,0.232710
1981,109,0.2,0.210692,0.086906,2.410744,255.5397,57.9934,0.873448
1982,109,0.2,0.187503,0.095005,2.521369,250.3954,62.7439,1.572631
1983,109,0.2,0.177073,0.084753,2.319047,259.4142,55.7082,0.293896
1984,109,0.2,0.102882,0.050906,2.217569,181.0341,57.7052,0.347474
1985,109,0.2,0.203668,0.089822,2.441306,252.4900,55.9865,1.066610
1986,109,0.2,0.232598,0.085660,2.524258,270.3253,60.2773,1.590889
1987,109,0.2,0.197132,0.140025,2.265675,275.1163,54.1303,0.043432
1988,109,0.2,0.135724,0.057575,2.157061,192.8974,58.0361,0.729905
1989,109,0.2,0.083813,0.042491,2.260567,144.4438,53.8380,0.075717
1990,109,0.2,0.174439,0.074699,2.501238,234.7657,56.5706,1.445397
1991,109,0.2,0.142979,0.054857,2.261903,201.7075,57.8060,0.067273
1992,109,0.2,0.129260,0.055915,2.107840,181.8131,60.5080,1.040997
1993,109,0.2,0.138824,0.065767,2.276879,200.1489,58.4620,0.027383
1994,109,0.2,0.167384,0.114229,2.479378,271.1814,55.8593,1.307237
1995,109,0.2,0.182014,0.085972,2.352533,263.3386,59.1562,0.505535
1996,109,0.2,0.102461,0.045063,2.114970,163.9683,56.4460,0.995931
1997,109,0.2,0.154803,0.057591,2.185281,193.0834,60.1315,0.551548
1998,109,0.2,0.148460,0.057086,2.338579,203.9202,60.5021,0.417345
1999,109,0.2,0.194755,0.175621,2.458943,274.8462,59.5328,1.178079
2000,109,0.2,0.089704,0.046002,2.090984,154.2014,55.7684,1.147533
